   10     5     5
       0      10      20       0      15      50      80      50      70      90
      20       0      20      50      25      40      58      35       0      45
      60      10       0      30      10      75       0     150      60       0
       0       0      60       0      50      60      10       0      15      25
      70       0       0       0       0     100      50      58       0      10
       0      10      60      30       0       0      50     125      15      60
      50      20      30      10      30      20       0      25      30       0
       0      20      40      70      90      20      50       0      45      60
      30     120       0     110       0      20       0      75       0      70
       0       0      40      30      60     120      50       0     195       0
       0     100     150     100      50
     100       0      80      60      50
     150      80       0      70     120
     100      60      70       0      60
      50      50     120      60       0
   10000   33000   75000   55000   31500
   50000   95000   39500   19500   65000
   37500   41500   29500   85000   45000
   35000   57500   39500  115000   35000
   27500   84500   39500   48500   45000
   34500   13500   74500   39500   28500
   50500  150000   59000   58000   25500
   70000   50000   60000   35000   37500
   35000   87500   35000   55000   40000
   25000   26750   61500   38500   40500
      50      45      55      48      56      62      75      59      55      65
     120     170     105     100     120
