   12     6     5
       0      10      20       0      15      50      80      50      70      90      20     100
      20       0      20      50      25      40      58      35       0      45     100       0
      60      10       0      30      10      75       0     150      60       0       0      50
       0       0      60       0      50      60      10       0      15      25      55      35
      70       0       0       0       0     100      50      58       0       0      10      65
       0      10      60      30       0       0      50     125      15      60      40       0
      50      20      30      10      30      20       0      25      30       0      20       0
       0      20      40      70      90      20      50       0      45      60       0      50
      30     120       0     110       0      20       0      75       0      70      30       0
       0       0      40      30      60     120      50       0     195       0      20     100
     120      20       0      10      60       0      25       0      65      70       0       0
      70      10      60      30       0       0     250       0       0      10      65       0
       0     100     150     100     100     120
     100       0      80      60      90      70
     150      80       0      70      80      60
     100      60      70       0      40      60
     100      90      80      40       0      80
     120      70      60      60      80       0
   10000   33000   75000   60000   45000   50000
   55000   31500   50000   90000   76000   46700
   95000   39500   19500   59870   45600   42000
   65000   37500   41500  100000   70000   59000
   29500   85000   45000   34500   50000   44000
   35000   57500   39500   60000   20000   43200
  115000   35000   27500   65000   67000   46800
   84500   39500   48500   12000   50000   55000
   45000   34500   13500   78900   65000   52100
   74500   39500   28500   65000   54000   55000
   50500  150000   59000   89000  120000   65000
   58000   25500   70000   34200   45000   51000
      30      40      50      60      80      65      70     100      80     120      75      55
      90     110      90     145     300     130
