   12     8     5
       0       0      20       0       0      50      80      50      70      90      20     100
      20       0       0      50      25       0      58      35       0      45     100     100
      60      10       0       0      10      75       0     150      60       0       0      50
       0       0      60       0      50      60       0       0      15      25      55      50
      70       0       0       0       0     100      50      58       0       0       0      65
       0       0      60      30      20       0       0     125       0      60      40      40
      50       0      30       0      30      20       0      25      30       0      20      40
       0       0      40      70      90       0      50       0      45      60       0      50
      30     120       0     110       0       0       0      75       0      70       0       0
       0       0      40       0      60     120      50       0     195       0      20     100
     120       0       0       0      60       0      25       0      65      70       0       0
      70       0      60      30       0       0     250       0      40       0      65       0
       0     100     150     100      50      80     100     120
     100       0      80      60      50     100     100     150
     150      80       0      70     120      70      80     200
     100      60      70       0      60     100      90      20
      50      50     120      60       0      80     100      40
      80     100      70     100      80       0      80      90
     100     100      80      90     100      80       0      90
     120     150     200      20      40      90      90       0
   20000   33000   45000   60000   35000   50000   65000   30000
   55000   31500   67000   90000   76000   46700   25000   55000
   75000   49500   19500   59870   45600   42000   39800   50000
   65000   37500   31500   60000   70000   59000   27800   55000
   59500   85000   45000   34500   50000   74000   42300   65000
   35000   57500   19500   60000   60000   43200   54000   33000
   75000   35000   27500   65000   67000   46800   46800   28900
   84500   39500   48500   52000   50000   55000   67800   53400
   45000   54500   13500   78900   65000   52100   23100   43600
   74500   39500   28500   65000   54000   55000   50000   49000
   50500   70000   59000   49000   60000   65000   25600   63400
   58000   25500   70000   34200   45000   51000   48000   47600
      10      20      30      40      50      65      70     100      80      90      60      55
     250     130     100     160     360      80      90     100
