   14     9     5
       0       0      20       0       0      50      80       0      70      90       0     100      80       0
       0       0       0      50       0      40      58       0       0      45     100       0       0     100
      60       0       0      30       0      75       0     150      60       0       0      50       0      50
       0       0      60       0      50      60       0       0       0      25       0      35       0      50
      70       0       0       0       0     100      50      58       0       0       0      65       0      50
       0       0      60      30       0       0      50     125       0      60      40       0      40       0
      50       0      30       0      30       0       0       0      30       0       0       0      40       0
       0       0      40      70      90       0      50       0      45      60       0      50       0       0
       0     120       0     110       0       0       0      75       0      70      30       0       0      50
       0       0      40      30      60     120      50       0     195       0       0     100       0     100
     120       0       0       0      60       0      25       0      65      70       0       0      80       0
      70       0      60      30       0       0     250       0       0       0      65       0       0      50
       0     100      30       0     110       0       0     150       0      50       0       0       0      50
       0       0     100       0       0       0     100      75       0      70       0       0      40       0
       0      60     150      60      50      80     160     120     110
      60       0      80      40      90     120     100     120     110
     150      80       0      70     120      70      80     110     100
      60      40      70       0      60      80      90     100      90
      50      90     120      60       0      50     100     120     140
      80     120      70      80      50       0      60     130     140
     160     100      80      90     100      60       0     100      90
     120     120     110     100     120     130     100       0      80
     110     110     100      90     140     140      90      80       0
   50000  133000   37500  160000   35000   50000   30000   79000   65000
   55000  131500  167000   90000  276000   46700  119550   69000   54000
   95000  189500  119500   59870  145600   42000  139800   89000   61000
   25000   37500   31500  150000   50000   99000  127800   67500  110000
   29500  185000  145000   34500  150000   74000  122300   78600   56000
   75000  120500   19500   51600  210000   33200  133000   86000   45700
  115000   35000   27500   65000   49700   46800   56800   69800   36900
   68500   39500   28500   72000  250000   95000   67800   75000  105000
   25000   34500  113500   48900   65000   52100   23100   80000   69000
   74500   39500   20500   43500   84000   55000   29000   84320   72000
   50500  150000   39000   89000  220000   65000   25600   66000   34500
   58000   75500   70000   34200   60500   51000   27600   87000   70000
   25000  135000   37500   54000  157000   36800  120000   69000   68200
   34500  239500   78500   72000  145000   65000   22000   70900   59000
      85     125     130      75     140      75      95      95      60      40     115      40      50      85
     150     110     100     385     220     140      80      90     120
