   15     6     5
       0       0      20       0       0       0      80       0       0      90       0     180      80       0     100
       0       0       0      50       0      40      58       0       0       0     100       0       0     100       0
      60       0       0      30       0      75       0     150      60       0       0      50       0      50       0
       0       0      60       0      50      60       0       0       0       0      55       0       0      50      80
       0       0      70       0       0     100      50      58       0       0       0      65       0      50       0
       0       0      60      30       0       0      50     125       0      60      40       0      40       0       0
      50       0      80       0       0      30       0      25      30       0       0       0      40       0       0
       0       0     110       0      90       0      50       0      45      60       0      50       0     150     100
       0     150       0     110       0       0       0      75       0      70       0       0       0      50       0
       0       0      40       0      60     120      50       0     195       0       0     100       0       0       0
      60       0       0       0       0       0       0      65      70       0       0      80       0       0       0
      70       0      60       0       0       0     250       0       0       0      65       0       0      50       0
       0     100      30       0     110       0       0     150       0      50       0       0       0       0       0
       0       0     100       0       0       0     100      75       0      70       0       0      40       0     100
     100       0       0      80       0       0       0     100       0       0       0       0       0     100       0
       0     100     150     100      50      80
     100       0      80      60      50     100
     150      80       0      70     120      70
     100      60      70       0      60     100
      50      50     120      60       0      80
      80     100      70     100      80       0
   20000   23000   75000  160000   35000   50000
   55000  131500   67000   19000   76000   46700
   95000   39500   19500   59870   45600   42000
   35000   37500   31500  130000   70000   59000
   19500   85000   45000  114500   50000   74000
   35000   57500   19500   60000  110000   43200
  115000   35000   17500   55000   67000   28900
  124500   39500   48500   12000   50000   55000
  125000   34500   13500   78900   23100   43600
   74500   19500  128500   65000   50000   99000
   50500  150000   59000   89000   13000   63400
   58000   25500   70000   34200   45000  147600
   15000  135000   37500   45000  120000   39000
   54500   39500   68500   92000  152000   49000
   34500   28500   32500  165000  150000  139000
      30     125     110      35     115      85      40      75      55      30     105      40      50      85      55
     275     160     385      80      70      90
