   15     8     5
       0       0      20       0       0       0      80       0       0      90       0     180      80       0     100
       0       0       0      50       0      40      58       0       0       0     100       0       0     100       0
      60       0       0      30       0      75       0     150      60       0       0      50       0      50       0
       0       0      60       0      50      60       0       0       0       0      55       0       0      50      80
       0       0      70       0       0     100      50      58       0       0       0      65       0      50     150
       0       0      60      30       0       0      50     125       0      60      40       0      40       0       0
      50       0      80       0       0      30       0      25      30       0       0       0      40       0       0
       0       0     110       0      90       0      50       0      45      60       0      50       0     150       0
       0     150       0     110       0       0       0      75       0      70       0       0       0      50       0
       0       0      40       0      60     120      50       0     195       0       0     100       0       0       0
      60       0       0       0       0       0       0      65      70       0       0      80       0       0       0
      70       0      60       0       0       0     250       0       0       0      65       0       0      50       0
       0     100      30       0     110       0       0     150       0      50       0       0       0       0       0
       0       0     100       0       0       0     100      75       0      70       0       0      40       0     100
     100       0       0      80     150       0       0       0       0       0       0       0       0     100       0
       0     100     150     100      50      80     120     100
     100       0      80      60      50     100      90      90
     150      80       0      70     120      70     130     110
     100      60      70       0      60     100     110     120
      50      50     120      60       0      80      90      90
      80     100      70     100      80       0     110     100
     120      90     130     110      90     110       0     100
     100      90     110     120      90     100     100       0
   20000   23000   75000  160000   35000   50000   30000  120000
   55000  131500   67000   19000   76000   46700  119550   98000
   95000   39500   29500   59870   45600   32000  139800   76800
   35000   37500   31500  130000   70000   59000  127800   69800
   39500   85000   45000  114500   50000   74000  122300   46990
   35000   57500   19500   60000  110000   43200  133000   56000
  115000   35000   27500   42550   67000   68900   56800   32000
  124500   39500  105000   48500  150000   55000   67800   76450
  125000   34500   13500   78900   23100   43600   23100   90000
   74500   19500  128500   65000   50000   99000   29000  110000
   50500  150000   59000   89000   13000   63400   28900   41800
   58000   25500   70000   34200   41500  147600   27600   89000
   28500  135000   37500   45000  120000   69000  120000   72000
   32500   39500   68500   92000  152000   49000   26000   81000
   34500   28500   32500  165000  150000  139000  112000   45800
      60     105     125      50      30     130      50     125      85      60      95      70      95      80     120
     250     120     150     380     105     130      90     100
