    5    24     5
       0     110     120     100     115
     220       0     120      50      25
     160     110       0      30      10
      60     230      60       0      50
     170     210     100     120       0
       0      10      20      30      15      50      80      50      70      90      20     100      80      40     100      20      50     100      60      30      40      30      80      10
      20       0      20      50      25      40      58      35      40      45     100       0       0     100      40      30      60     100      60      40      30      60      10      70
      60      10       0      30      10      75       0     150      60      40      40      50      40      50      50      40      50      80      70      50      40      30      20      30
      40      40      60       0      50      60      10      60      15      25      55      35      40      50      50      30      40      60      80      30      50      30      30      20
      70      40      40      40       0     100      50      58      70      50      10      65      40      50     100      20      60      70      80      50      30      20      20      20
      30      10      60      30      30       0      50     125      15      60      40      50      40      40     100      40      60      70      80      60      70      80      30      30
      50      20      30      10      30      20       0      25      30      40      20      30      40      40      50      20      60      70      60      60      80      20      20      40
      30      20      40      70      90      20      50       0      45      60      30      50      20      50      50      30      50      50      60      70      60      70      50      10
      30     120      10     110      20      20      40      75       0      70      30      40      50      50      20      40      60      50      60      70      80      40      50      10
      20      40      40      30      60     120      50      20     195       0      20     100      50     100      40      20      60      50      40      80      60      30      10      50
     120      20      45      10      60      30      25      60      65      70       0      30      80      50     100      40      20      60      40      80      70      20      30      30
      70      10      60      30      40      50      50      10      20      20      65       0      40      50     100      40      30      60      40      30      60      90      90      70
      40     100      30      10     110      40      40     150      10      50      40       0      50      50      30      50      50      60      30      90      60      70      90       0
      30      20     100      30      50      20     100      75      50      70      30      50      40       0      50      30      60      50      70      60      90      30      10      10
      30     120      20      40      10      40      58      35      40      45      30      30      40      50       0      20      60      60      70      60      30      90      20      20
      50      20      30      10      75     100      75      30      70     100      50      20     100      20      20       0      50      60      30      90      30      60      30      40
      30     120      60      60      50      25      40     100      50      58      30      50     100      40      30     100       0      70      80      90      60      30      70      10
     100     100      80      60      70      70      70      50      50      50      60      60      50      50      60      60      70       0      80      50      60      70      10      80
      60      60      70      80      80      80      60      60      60      40      40      40      60      70      70      30      80      80       0      50      70      60      20      20
      30      40      50      30      50      60      60      70      70      80      80      30      30      60      60      90      90      60      60       0      50      50      40      20
      40      30      40      50      30      70      80      60      80      60      70      60      90      90      30      30      60      60      70      50       0      50      30      30
      30      60      30      30      80      20      70      20      40      30      20      90      60      30      90      60      30      70      60      50      50       0      20      20
      80      10      20      30      20      30      20      50      50      10      30      90      70      10      20      30      70      10      20      40      30      20       0      20
      10      70      30      20      20      30      40      10      10      50      30      70      90      10      20      40      10      80      20      20      30      20      20       0
   20000   23000   75000   60000   35000   35000  131500   29500   85000   34500   44500   37000   46700  157500   39500   59500   29870   42000  120500   35000   37500   30000   70000   66000
   35000   57500   29500   65000  110000  115000   35000   37500   55000   47000  124500   59500   38500   12000   50000  125000   34500   13500   43600   62000   39500  128500   35000   60000
   50000   59000   39000   73000  127000   58000   25500   70000   34200   45000  135000   37500   45000  120000   39000   67500   39500   58500   92000  152000   35000  131500   37000   46700
   65000   87770   45600   42000  120500   35000   30000   70000   59000   66000   34500   44500   50000   74000  145000   45500   89500   65000   53200   39500   33500   68750   50000   47000
   41500   45500   50000   55000   25700   28500   34500   53100   43600   62000   84500   32500   65000  139000   35000   50000   55000   60500   59500   82900   38600  157500   50000   89000
      40      35      65      80     110
     110      90      65      80      80      85     130     120      80      80      80      80      50      60      70     100      90      60     100      70      50      80      80      50
