70 30 1
0	99	96	86	29	54	52	11	42	58	88	45	73	87	72	81	71	75	2	89	53	47	7	72	49	67	69	20	92	87	90	55	14	46	99	22	45	32	52	89	44	47	81	37	22	100	16	64	62	1	1	78	73	32	42	69	69	21	84	71	83	10	9	77	63	22	22	9	39	96	
95	0	27	70	29	78	79	43	29	20	2	20	99	25	82	14	40	61	18	83	16	99	26	24	11	22	64	70	80	70	76	67	64	6	60	23	32	70	12	77	53	56	59	33	71	15	17	49	87	82	56	74	32	14	53	32	59	52	44	26	38	40	45	48	39	28	8	37	26	68	
68	52	0	73	95	47	95	33	47	52	67	41	61	99	16	68	35	55	53	83	2	28	65	55	92	27	98	25	85	70	46	82	3	17	71	71	44	59	76	100	70	28	76	18	1	50	8	17	91	79	75	44	1	59	52	7	55	39	22	39	63	66	71	54	29	82	38	69	32	1	
11	53	78	0	6	8	17	73	30	6	48	46	52	45	16	29	84	70	58	69	34	6	99	55	1	86	3	38	49	58	74	68	54	4	13	98	19	36	62	61	13	56	96	36	84	98	26	26	43	82	90	25	77	70	46	27	67	12	21	12	55	1	18	60	44	9	69	38	84	13	
98	3	9	50	0	94	26	36	77	50	75	68	69	76	4	24	23	57	66	62	38	23	24	66	17	75	16	5	67	13	95	49	63	92	2	60	73	50	6	45	52	78	7	45	98	47	33	45	75	21	18	38	94	97	26	8	13	53	17	52	11	85	37	43	33	72	58	88	76	84	
70	39	94	61	37	0	46	41	25	9	43	48	29	11	22	81	53	67	87	25	72	27	39	9	46	24	80	50	1	27	67	43	19	97	14	80	95	18	61	7	35	30	51	83	84	73	33	81	64	5	5	16	77	7	52	93	23	21	9	70	71	50	27	72	38	21	24	44	47	87	
98	45	4	53	4	76	0	83	33	24	54	44	41	99	97	86	87	32	15	100	64	47	94	70	82	55	58	16	95	83	16	5	35	12	10	52	3	57	86	52	68	74	70	3	20	68	35	7	15	93	23	39	59	17	3	70	77	72	8	59	93	93	44	51	84	92	61	73	52	50	
17	98	58	28	54	70	67	0	55	62	67	50	58	59	45	16	51	74	4	6	53	33	4	25	11	39	56	60	62	94	78	52	49	66	70	41	49	48	72	54	28	61	29	71	54	94	24	42	60	79	93	69	83	53	24	15	90	26	66	1	94	28	86	28	96	51	13	42	71	44	
11	77	10	45	35	30	76	34	0	6	58	49	21	12	98	87	50	37	81	17	16	6	15	47	39	89	43	42	66	31	7	82	90	92	91	78	18	58	4	81	53	87	28	87	59	39	82	53	94	43	58	75	89	34	19	75	72	88	8	72	88	36	9	17	42	10	68	57	82	88	
77	64	90	88	49	12	38	39	69	0	8	15	48	71	24	40	98	63	69	91	37	86	80	43	8	50	49	46	50	75	94	31	15	12	9	98	41	24	97	84	20	13	20	34	58	45	59	44	37	39	61	43	15	68	100	70	41	85	82	80	38	1	48	64	65	65	80	38	36	39	
34	70	15	30	67	86	32	15	61	1	0	39	52	35	27	30	84	13	64	5	46	38	16	76	67	2	80	57	29	42	33	52	72	85	24	47	38	6	8	21	57	84	43	84	30	19	36	94	59	37	47	63	95	41	6	45	60	75	87	14	11	67	84	59	66	99	2	93	20	97	
53	28	72	60	84	84	66	74	65	35	54	0	33	87	45	92	28	96	12	42	84	97	34	53	54	82	93	67	25	95	60	13	25	89	20	17	84	61	63	84	68	40	88	67	12	1	68	63	46	58	4	36	86	38	67	58	6	75	28	45	18	10	90	100	60	4	70	49	57	90	
44	69	21	49	28	95	25	96	48	13	97	86	0	1	79	6	97	65	58	14	13	83	51	66	51	53	12	91	67	28	39	40	84	25	13	73	65	21	85	3	11	19	37	78	72	67	59	36	16	30	17	23	68	41	89	58	35	44	70	84	80	85	29	27	17	54	8	100	76	13	
17	43	78	22	44	4	93	11	27	49	80	26	22	0	39	21	93	77	62	58	36	91	20	12	80	70	2	75	12	90	66	35	39	22	34	2	92	79	40	73	84	88	13	35	95	37	36	9	58	78	85	50	82	65	44	36	35	29	92	63	75	16	78	26	62	86	32	61	13	38	
14	27	13	21	76	8	46	97	24	20	69	9	86	16	0	81	95	5	7	83	15	81	23	40	60	66	6	99	82	42	4	11	98	87	68	84	24	72	59	23	23	1	45	41	94	3	52	38	86	80	61	34	63	66	65	26	3	99	21	65	57	38	13	45	14	59	55	49	89	9	
37	11	30	85	92	83	98	82	80	84	45	65	70	82	47	0	41	94	47	38	52	23	90	99	14	46	69	28	41	74	4	31	20	82	28	72	41	79	73	58	64	80	1	63	35	48	50	53	32	86	14	40	39	85	6	46	77	30	97	100	100	75	35	80	20	61	55	26	21	58	
52	75	61	99	80	56	15	11	53	25	58	34	68	7	85	88	0	15	75	67	41	59	56	50	62	93	62	26	4	63	35	3	18	62	43	57	74	38	37	38	9	59	42	12	33	69	57	88	54	98	7	48	12	100	55	70	13	48	6	45	92	44	86	100	55	13	85	20	67	66	
98	46	16	14	29	98	60	86	7	93	95	47	29	47	44	87	20	0	76	82	68	73	69	32	17	69	93	17	1	18	18	20	67	68	52	33	47	33	10	88	45	15	66	95	89	67	21	18	2	17	11	37	57	97	25	3	4	89	89	92	55	18	49	82	94	59	55	48	76	34	
18	52	39	83	97	1	31	46	90	85	26	74	84	43	71	41	53	53	0	41	79	27	31	19	76	63	65	33	16	19	46	54	17	93	41	4	17	57	99	15	34	31	36	17	33	38	65	61	4	34	8	55	50	29	26	44	66	33	1	98	11	32	96	35	17	99	12	5	97	79	
23	11	26	44	25	29	55	89	86	68	56	76	91	86	76	24	100	27	38	0	75	100	77	43	65	47	11	19	87	51	94	90	30	63	98	55	84	6	19	98	77	87	4	52	38	97	20	23	60	90	55	9	78	78	71	6	89	8	100	27	50	69	75	95	69	92	18	82	29	49	
92	71	40	17	91	22	55	38	27	81	24	66	34	53	46	61	67	3	82	38	0	97	75	80	76	46	41	25	71	22	67	41	28	35	31	69	96	78	91	3	98	6	41	17	80	2	61	93	11	55	8	56	39	49	40	41	56	95	70	59	2	29	39	75	57	56	27	12	17	36	
81	27	20	42	65	53	8	47	38	10	50	14	22	44	36	100	90	35	44	81	99	0	58	56	15	51	50	73	9	22	18	39	38	27	17	86	25	90	80	97	26	29	55	72	52	49	36	86	42	3	92	96	57	100	41	59	81	41	5	55	14	58	97	69	21	57	84	30	31	98	
99	59	34	53	9	81	69	60	21	21	17	29	20	80	88	79	10	17	25	77	52	40	0	34	60	79	99	96	83	78	69	85	63	77	40	59	43	81	48	70	82	56	30	59	48	90	43	26	47	1	66	10	57	68	67	75	66	99	28	79	1	9	6	93	22	79	26	29	74	30	
48	91	93	90	26	76	69	47	48	21	51	90	84	96	98	92	15	27	40	78	78	78	46	0	64	65	75	83	28	79	19	12	79	100	8	43	85	64	95	44	95	80	38	25	83	5	23	10	87	5	96	83	87	52	76	100	42	22	41	11	37	10	21	39	83	90	97	82	42	82	
73	46	42	60	61	67	99	74	1	63	14	90	68	33	24	46	69	26	15	71	60	70	8	88	0	22	74	79	96	72	75	20	22	3	84	77	22	43	28	68	84	6	63	64	46	11	73	2	42	54	11	65	44	3	25	33	64	38	55	77	8	77	5	19	48	84	34	37	86	79	
28	82	71	90	88	42	19	56	54	36	73	98	24	15	24	81	83	41	87	61	4	76	49	98	36	0	17	88	32	68	16	29	91	3	60	95	83	57	22	4	59	65	16	7	31	58	37	22	4	76	7	28	78	38	31	36	97	63	70	35	16	52	57	70	69	81	46	74	17	33	
2	45	81	94	57	57	58	99	73	12	52	45	48	55	59	15	73	53	35	59	4	91	76	51	41	47	0	70	4	70	18	26	95	75	83	29	34	66	84	43	45	44	6	39	65	52	21	74	69	52	37	51	13	42	82	3	55	12	74	64	55	52	71	52	73	98	71	95	39	64	
19	49	31	69	71	85	50	81	18	45	24	3	53	88	34	46	68	19	60	36	83	43	6	85	14	93	86	0	3	98	28	74	10	83	79	2	80	61	2	55	63	3	32	58	33	66	82	74	74	69	13	76	32	1	11	57	89	22	62	25	88	9	38	60	81	39	65	80	7	99	
60	97	34	87	26	48	16	88	72	4	8	80	19	5	24	69	20	66	35	28	32	3	99	23	67	23	93	7	0	29	66	39	19	75	26	54	3	29	49	94	97	59	89	35	87	1	20	32	23	52	82	23	55	20	19	65	90	50	28	14	36	19	70	9	5	37	25	30	58	39	
36	87	29	92	33	75	67	80	94	52	80	81	31	58	33	11	6	70	20	44	52	33	55	99	62	1	99	53	65	0	20	29	18	45	93	15	40	88	20	76	81	87	83	33	58	61	9	81	11	42	75	33	66	51	51	90	18	46	27	41	46	96	96	49	18	69	52	91	60	41	
75	99	35	39	97	83	10	14	11	79	80	79	39	36	14	25	10	3	13	71	72	9	58	94	59	59	100	58	7	28	0	26	24	82	99	28	14	5	65	58	66	54	36	92	88	8	18	86	49	96	10	60	13	44	13	40	14	67	43	68	26	48	57	79	19	24	16	64	61	49	
10	4	35	79	92	42	94	27	25	41	81	15	59	60	82	69	52	83	66	56	39	76	20	13	56	58	71	61	27	78	12	0	6	13	5	17	80	35	29	85	23	14	51	27	30	29	12	52	15	99	83	91	69	31	23	67	17	20	70	12	9	4	13	19	24	85	86	30	37	48	
21	67	69	5	77	23	2	89	24	72	19	7	88	65	6	58	94	94	89	36	33	55	18	97	17	72	99	17	65	67	94	8	0	20	45	50	14	50	35	39	37	63	73	94	78	1	87	51	43	40	66	54	63	39	48	94	77	77	27	78	9	67	57	91	31	6	15	48	72	1	
76	63	7	62	70	50	100	77	59	78	3	31	47	97	42	16	22	37	84	60	19	58	82	6	47	78	40	44	33	30	92	31	52	0	16	26	95	99	51	91	50	1	28	100	91	3	5	6	91	16	54	94	31	30	37	10	97	45	66	45	59	95	52	51	38	69	54	42	5	81	
11	96	59	69	65	11	82	7	64	53	17	38	75	66	68	12	74	60	94	22	7	58	37	97	18	82	27	91	57	5	49	100	70	12	0	49	1	20	8	42	1	11	98	43	60	92	32	4	81	62	23	41	27	47	21	38	65	99	59	25	43	70	22	27	96	3	36	48	14	69	
23	28	14	57	69	72	72	79	26	40	100	16	20	12	16	84	7	28	62	59	36	96	36	50	15	27	53	58	87	31	96	2	87	23	91	0	96	25	91	12	37	52	2	42	33	29	59	83	94	94	88	11	92	52	86	14	14	64	15	71	63	88	87	27	62	3	53	96	37	94	
55	97	30	73	58	46	19	18	78	56	55	34	3	49	77	98	49	84	79	14	3	37	86	37	74	65	34	35	24	14	82	35	11	91	20	53	0	52	21	19	7	51	99	51	53	36	37	33	28	62	46	100	50	88	94	83	45	4	28	71	16	96	87	62	94	82	92	95	4	39	
18	28	29	29	55	24	1	14	4	11	62	20	16	16	62	55	39	60	46	69	73	31	15	90	11	64	97	61	14	63	13	93	90	3	61	69	4	0	24	81	17	30	7	17	49	82	69	50	15	53	91	44	24	48	25	82	22	29	66	21	23	32	10	37	1	88	87	20	70	50	
26	52	95	11	29	57	20	12	91	86	62	1	83	23	2	86	90	65	65	1	87	24	10	25	87	45	52	60	49	76	1	27	17	87	56	83	98	51	0	62	69	3	28	19	43	100	24	14	43	20	11	35	44	69	47	32	64	39	76	48	43	65	57	7	44	47	61	62	48	98	
24	16	52	44	98	100	43	82	67	54	20	31	79	94	20	4	15	31	74	34	49	99	77	45	3	66	66	17	11	25	78	53	45	53	16	66	60	15	84	0	61	71	20	7	49	38	71	85	41	26	91	24	18	77	93	82	56	55	49	5	54	79	60	92	16	4	72	52	41	6	
2	7	6	12	98	39	25	2	37	42	83	95	32	55	34	90	65	54	37	23	16	92	5	23	61	23	57	19	42	19	64	79	70	4	25	54	84	47	65	97	0	91	34	58	97	97	60	65	3	50	56	75	30	39	50	45	31	93	1	32	76	99	43	10	1	87	46	48	44	35	
68	2	56	32	41	79	50	54	30	56	87	38	34	16	87	99	12	28	2	58	88	62	10	81	91	98	76	21	85	18	100	67	35	78	24	56	55	32	9	56	20	0	93	14	50	10	37	58	76	38	69	11	45	93	56	93	73	67	70	3	79	26	86	14	80	13	47	76	51	1	
52	61	2	29	44	19	94	93	78	44	50	8	9	63	95	4	71	44	51	41	8	27	37	25	38	88	18	49	10	8	96	27	39	20	62	99	20	58	46	17	37	1	0	35	10	47	70	97	23	65	18	91	82	85	25	2	57	46	27	52	45	90	6	38	92	53	64	4	98	7	
36	55	85	45	97	46	86	2	87	85	1	11	36	1	63	66	75	64	26	60	49	5	15	76	50	91	30	88	97	12	58	14	72	46	78	88	74	71	42	83	82	85	53	0	59	45	74	74	28	96	75	69	43	42	85	4	12	90	69	42	29	87	25	71	67	43	2	62	49	33	
13	52	41	43	49	80	34	86	6	1	41	56	61	83	43	37	43	80	10	49	48	48	57	2	9	33	39	25	64	95	20	44	6	62	60	87	89	80	82	6	80	9	15	41	0	8	32	78	61	24	98	56	89	57	77	64	23	23	42	50	11	75	44	93	79	12	78	83	5	96	
82	18	57	13	8	54	27	15	58	98	65	8	92	15	77	87	51	42	96	14	78	80	96	16	56	27	92	77	42	10	46	43	74	65	80	67	63	30	56	99	69	24	75	1	60	0	83	19	21	67	91	62	31	72	33	78	47	13	15	21	83	86	28	79	88	69	79	75	24	78	
57	78	93	99	98	92	82	70	87	42	92	4	63	50	84	27	57	51	79	1	53	29	63	81	7	81	42	55	67	51	36	95	51	33	63	93	95	48	44	53	5	13	72	28	14	76	0	85	46	69	22	35	46	58	81	92	17	58	100	9	39	66	35	44	21	41	82	65	44	5	
29	23	37	31	52	19	34	25	84	80	54	46	39	99	9	17	12	19	27	89	56	76	90	29	91	17	24	75	82	82	84	12	44	93	75	77	22	34	59	59	87	20	69	59	45	100	18	0	57	81	44	28	47	45	43	80	34	16	92	67	14	78	15	33	96	55	39	14	93	38	
74	16	56	99	87	97	20	18	87	39	23	81	92	9	55	27	29	91	80	28	30	5	22	39	94	78	4	23	54	34	60	69	47	48	56	22	78	61	45	92	57	27	30	77	6	80	54	17	0	80	56	80	27	88	89	31	83	46	61	89	89	87	51	91	28	78	78	77	18	97	
36	26	70	77	100	84	61	55	14	51	39	40	22	34	99	99	14	45	82	57	87	95	91	28	33	100	1	10	18	93	4	87	67	73	70	3	100	45	31	10	87	10	9	89	47	30	98	10	50	0	68	73	41	18	95	63	8	97	16	53	78	20	54	94	24	83	7	10	51	58	
5	52	45	45	18	9	62	60	53	38	67	38	54	7	71	52	89	90	91	51	35	12	92	6	55	29	100	21	77	99	30	61	86	24	22	77	94	9	95	92	16	45	66	25	46	85	73	51	27	24	0	68	84	100	95	42	59	48	59	68	11	64	69	31	75	71	86	32	74	29	
28	66	36	64	3	13	49	65	33	30	37	15	58	79	82	64	41	75	26	47	66	51	7	86	48	31	85	54	36	23	41	100	60	63	88	11	7	71	15	41	80	81	18	33	61	89	10	58	6	53	90	0	71	52	9	84	76	46	95	51	38	13	42	91	43	96	5	27	46	13	
12	50	77	18	79	81	53	25	65	21	58	35	1	75	62	52	91	72	87	64	48	13	73	2	2	19	11	53	23	34	9	94	6	49	19	49	36	59	35	50	17	30	99	4	47	86	23	54	33	86	77	35	0	69	55	57	40	32	100	43	25	53	57	72	26	28	64	20	48	95	
18	91	83	91	71	61	59	31	15	57	40	24	96	87	31	65	35	77	100	82	61	100	79	20	68	85	76	49	25	78	96	60	15	7	52	54	95	9	62	94	5	22	82	23	72	40	49	98	37	51	27	41	86	0	18	84	74	51	99	90	71	34	100	19	28	90	27	90	90	19	
11	19	37	40	84	2	74	58	97	90	72	39	61	24	94	76	28	77	11	39	58	37	30	6	13	2	42	37	16	12	44	81	29	69	17	88	53	20	11	32	20	19	5	48	71	14	18	77	78	41	75	21	38	66	0	1	11	30	12	53	39	38	22	100	29	43	25	74	52	2	
8	61	55	46	94	31	91	44	86	19	30	81	83	21	61	43	38	8	23	33	75	34	84	19	72	82	1	71	9	91	91	60	61	44	2	79	47	30	50	64	94	58	80	51	7	37	30	45	90	94	68	3	35	1	55	0	17	78	78	33	36	69	17	48	63	16	28	66	100	47	
97	33	52	50	82	56	86	67	36	70	6	15	45	46	54	60	58	50	32	99	40	60	31	8	42	77	71	75	85	61	63	75	58	26	40	15	96	58	42	26	80	82	21	41	27	9	49	4	100	82	55	12	75	13	52	38	0	91	82	39	39	18	21	98	94	73	98	73	49	53	
56	56	66	8	16	10	89	84	100	66	53	37	79	71	10	79	21	85	25	95	17	1	95	55	94	18	71	82	4	11	73	15	44	4	9	48	96	63	81	9	99	98	38	33	91	80	100	5	56	89	23	16	42	29	100	46	6	0	23	31	88	16	81	26	15	41	49	13	95	22	
41	41	38	29	40	74	49	81	60	28	18	73	81	50	78	12	40	10	37	15	15	15	95	86	63	41	93	78	9	55	77	54	62	72	13	83	57	17	34	60	23	23	24	16	80	65	67	65	76	80	21	73	6	20	24	66	50	7	0	6	44	80	91	51	91	29	100	11	47	13	
80	23	4	60	30	49	75	15	75	66	71	55	50	24	52	50	44	56	32	9	9	38	62	16	83	6	21	33	68	90	37	76	12	34	8	30	71	95	37	15	9	62	93	28	9	35	30	49	8	7	98	94	70	97	70	74	23	51	43	0	58	84	62	26	35	51	40	23	21	32	
73	4	11	17	74	49	46	9	88	48	3	53	92	81	40	20	54	28	58	64	54	95	73	16	56	62	46	93	27	38	72	6	25	61	72	88	81	38	69	85	10	98	99	41	66	35	6	48	96	46	15	64	44	4	47	67	34	33	39	65	0	66	58	68	39	38	55	90	6	95	
38	84	88	41	33	83	6	82	6	87	40	22	79	87	45	13	40	12	32	33	29	43	85	58	4	69	9	73	30	44	99	49	11	91	60	45	81	14	87	29	55	21	68	87	92	1	83	84	9	81	49	100	19	65	88	52	9	45	85	34	74	0	86	1	6	29	74	69	81	19	
56	71	14	43	59	96	25	72	76	72	13	68	98	61	76	9	79	14	8	35	68	66	24	18	45	90	77	60	22	52	71	1	35	65	4	4	79	84	74	60	21	64	53	10	57	26	12	80	88	7	31	50	21	5	66	7	28	33	82	19	77	57	0	32	65	31	11	49	48	48	
83	79	97	100	47	56	6	87	1	22	57	53	70	9	12	34	44	26	36	43	94	73	2	42	84	100	2	97	17	39	15	42	69	23	73	76	32	36	98	66	7	97	67	1	58	34	21	13	97	55	87	34	47	86	89	22	43	95	5	84	52	75	79	0	25	59	16	87	99	9	
23	57	34	34	53	71	52	36	77	23	18	24	62	93	82	18	89	94	72	20	73	62	53	8	97	71	8	32	50	75	88	51	71	53	52	11	37	3	94	67	83	87	86	87	59	94	70	52	57	83	70	98	48	25	2	50	19	50	16	75	42	36	26	94	0	65	95	37	58	51	
82	100	55	96	11	66	26	23	6	65	82	45	96	90	50	32	74	83	57	90	61	41	21	23	40	42	88	58	78	55	65	48	53	7	74	79	39	5	55	83	87	88	59	37	17	82	62	66	73	46	21	10	72	83	78	51	27	65	31	88	61	93	9	35	68	0	71	17	88	93	
98	30	94	62	9	50	5	23	45	83	96	56	29	93	21	15	22	62	89	78	62	33	41	87	8	10	74	15	58	95	5	8	35	5	55	62	94	10	93	81	93	41	72	7	7	47	4	49	37	94	98	32	63	80	64	53	98	66	23	60	20	88	22	51	15	56	0	42	24	64	
25	11	63	50	24	87	43	95	53	7	67	54	80	30	87	25	59	29	40	13	32	22	50	90	16	16	96	94	49	71	13	96	72	88	31	53	8	91	55	27	92	61	29	22	64	77	65	61	43	55	23	10	89	99	78	56	39	13	22	45	70	14	72	87	73	22	65	0	64	98	
34	15	45	65	39	27	41	35	87	65	100	63	88	32	3	1	77	4	33	82	93	2	47	18	96	87	34	55	32	28	84	93	44	40	40	50	47	45	50	17	88	68	24	95	38	42	19	29	23	89	70	85	80	1	53	38	28	92	99	33	17	51	73	63	64	12	83	55	0	2	
19	14	23	76	50	57	54	65	96	83	51	26	8	18	20	39	89	4	86	83	76	2	9	50	8	72	32	90	16	92	22	14	83	48	1	87	33	98	85	78	23	58	77	56	83	11	63	28	30	42	10	100	79	36	60	37	47	48	79	19	63	23	62	38	5	55	61	47	77	0	
26	39	71	55	88	39	71	40	39	35	58	81	77	62	59	80	9	22	66	56	85	63	13	89	30	62	42	27	77	17	
39	26	55	26	50	31	64	16	47	41	24	57	45	23	45	41	46	16	55	30	56	32	39	50	23	30	25	29	57	54	
71	55	26	78	80	85	18	70	40	40	72	108	31	57	100	59	71	60	109	25	103	81	61	71	75	32	32	44	110	87	
55	26	78	26	39	23	89	15	73	66	9	31	60	26	24	42	63	35	33	53	31	8	60	45	26	48	51	54	32	65	
88	50	80	39	26	62	96	50	93	87	32	46	50	28	58	21	96	66	64	59	34	32	90	12	63	48	66	78	52	101	
39	31	85	23	62	26	92	16	68	62	30	42	74	44	21	62	48	28	29	61	48	30	48	67	11	60	54	49	39	46	
71	64	18	89	96	92	26	79	33	36	84	120	49	72	109	76	68	65	118	38	116	94	58	88	81	48	38	45	121	85	
40	16	70	15	50	16	79	26	60	53	18	44	58	29	30	48	48	20	39	46	46	23	45	54	13	44	41	41	44	51	
39	47	40	73	93	68	33	60	26	7	71	104	60	65	88	77	35	41	97	39	104	80	26	89	57	49	27	19	103	52	
35	41	40	66	87	62	36	53	7	26	64	97	56	59	81	72	32	34	90	34	97	73	22	83	51	45	22	12	96	49	
58	24	72	9	32	30	84	18	71	64	26	36	52	17	33	33	66	36	42	47	33	10	61	37	31	41	47	53	38	70	
81	57	108	31	46	42	120	44	104	97	36	26	85	51	24	60	90	65	23	83	13	26	89	57	51	76	82	85	7	87	
77	45	31	60	50	74	49	58	60	56	52	85	26	35	84	29	80	58	93	22	78	61	70	40	68	15	36	53	89	93	
62	23	57	26	28	44	72	29	65	59	17	51	35	26	50	19	69	40	59	34	45	26	62	27	41	25	38	49	55	77	
59	45	100	24	58	21	109	30	88	81	33	24	84	50	26	65	68	47	9	75	34	26	69	66	31	72	71	69	19	64	
80	41	59	42	21	62	76	48	77	72	33	60	29	19	65	26	86	57	73	40	51	39	78	12	60	29	50	64	65	95	
9	46	71	63	96	48	68	48	35	32	66	90	80	69	68	86	26	30	76	59	94	71	10	96	39	66	44	28	87	17	
22	16	60	35	66	28	65	20	41	34	36	65	58	40	47	57	30	26	56	39	67	43	25	67	17	43	28	22	63	37	
66	55	109	33	64	29	118	39	97	90	42	23	93	59	9	73	76	56	26	85	35	34	77	73	39	81	80	78	17	70	
56	30	25	53	59	61	38	46	39	34	47	83	22	34	75	40	59	39	85	26	78	57	49	52	52	11	14	31	85	72	
85	56	103	31	34	48	116	46	104	97	33	13	78	45	34	51	94	67	35	78	26	24	91	46	55	71	80	85	20	94	
63	32	81	8	32	30	94	23	80	73	10	26	61	26	26	39	71	43	34	57	24	26	68	40	34	50	57	61	29	73	
13	39	61	60	90	48	58	45	26	22	61	89	70	62	69	78	10	25	77	49	91	68	26	89	38	57	34	17	86	27	
89	50	71	45	12	67	88	54	89	83	37	57	40	27	66	12	96	67	73	52	46	40	89	26	67	41	62	75	63	103	
30	23	75	26	63	11	81	13	57	51	31	51	68	41	31	60	39	17	39	52	55	34	38	67	26	53	44	39	48	40	
62	30	32	48	48	60	48	44	49	45	41	76	15	25	72	29	66	43	81	11	71	50	57	41	53	26	23	40	79	79	
42	25	32	51	66	54	38	41	27	22	47	82	36	38	71	50	44	28	80	14	80	57	34	62	44	23	26	17	83	59	
27	29	44	54	78	49	45	41	19	12	53	85	53	49	69	64	28	22	78	31	85	61	17	75	39	40	17	26	84	43	
77	57	110	32	52	39	121	44	103	96	38	7	89	55	19	65	87	63	17	85	20	29	86	63	48	79	83	84	26	83	
17	54	87	65	101	46	85	51	52	49	70	87	93	77	64	95	17	37	70	72	94	73	27	103	40	79	59	43	83	26	
1144		235		660		2116		1350		2400		330		816		2184		1800		931		3348		3570		1620		2700		2664		1428		1738		1188		1140		5044		1044		225		1575		2132		1960		1680		2516		4730		3009		
1450		3337		8835		3552		3182		300		5723		1221		6664		310		378		384		2821		3762		880		2890		888		2065		4048		5106		1224		715		1680		6279		1875		7238		1764		2808		3835		1508		
2623		1134		432		2475		46		5301		867		2337		4950		1104		2812		7081		187		990		476		891		130		1230		7238		429		4757		188		672		78		2100		212		2136		2120		7125		2772		
798		1760		273		1792		1919		2365		3738		5049		5358		4240		759		5440		3990		1848		1159		2280		1694		2301		6204		1050		2024		1368		2015		936		228		4293		5394		2820		6240		290		
1716		3344		3360		4464		8265		1155		3060		3264		112		414		4402		6348		6100		1652		1275		584		1955		1372		3192		2028		8178		6580		117		672		2904		3360		350		882		910		1520		
3510		2592		2030		3038		4200		1425		1681		294		3640		455		3870		6715		1426		2310		3168		646		5358		2556		3807		40		1050		4929		4416		3000		392		50		952		750		7452		1207		
6642		3450		5950		2744		196		2856		7000		2226		552		1548		2184		3104		4814		1148		3212		2550		4806		1380		400		1922		882		1113		4505		1550		702		371		330		1725		3344		279		
304		2050		7812		1258		2263		432		8316		532		936		924		966		3072		6545		3808		840		3330		2820		340		377		2485		3752		1804		2150		4345		774		2911		4836		4840		258		1080		
456		1610		666		4095		4512		2162		6958		480		342		735		5742		7392		3116		3450		4422		3567		96		300		3774		2928		6231		6106		520		4800		3116		3808		4324		3000		2890		840		
3904		1118		3168		882		893		1586		2675		2407		5607		2706		702		256		693		2623		671		4760		7178		833		782		213		1311		918		730		5320		210		5280		5313		3710		378		1562		
5772		2976		477		2322		4450		8281		600		231		2808		1200		560		8352		861		5742		10593		1656		1728		5265		6318		957		224		2070		5952		2960		7290		3854		3700		2914		7788		8455		
392		2240		2280		190		1080		731		312		2350		2988		1155		1344		125		6952		4320		355		3660		5590		3268		735		280		1551		286		5070		4774		648		4356		1950		5184		1911		248		
4410		2158		6320		408		4606		1350		2160		492		6532		3456		256		3168		65		576		500		2156		2262		1280		957		110		684		540		560		1908		266		2860		5096		3432		3104		5369		
4224		3922		1728		2368		1235		2496		1053		1482		1692		8800		2009		2444		5520		754		464		3504		2336		4806		201		8134		222		170		6438		1850		1591		5520		6396		5852		1425		2814		
8008		2080		1400		490		912		210		5046		3021		8455		1428		2960		4148		2886		1450		1610		1020		490		2346		5390		312		4350		352		4590		380		5250		2788		496		4028		5159		6254		
3096		690		2336		1911		1890		2444		3920		3315		2640		2100		4400		4240		1020		3564		3381		3384		2070		1792		5928		169		539		2484		252		2891		3053		525		129		741		7857		3780		
2214		168		4536		1170		3008		1008		936		368		3850		1728		34		2842		3150		1656		1221		1886		2842		988		2632		3458		2254		875		1584		980		1596		1836		2924		1924		3234		1650		
3950		1886		1241		1922		99		1325		6052		2337		5796		312		644		3608		765		1064		2600		561		602		3304		708		1479		2380		2132		5520		1260		1674		2993		2223		1700		4606		7544		
5418		1316		3551		4136		105		6600		2604		1092		5610		3476		2484		2478		2916		192		5808		480		1767		3072		3108		3552		3312		3280		2720		368		2210		1147		58		710		5568		8989		
2448		248		5088		690		5022		2656		2013		810		1276		2442		1998		1952		2835		459		3552		3476		4032		520		1653		1972		5100		1908		2870		4590		1380		1829		1081		850		3599		3315		
684		2175		2380		4224		4800		4840		4900		1443		799		2814		74		2409		1900		299		5494		2070		5270		2242		5005		935		6664		4653		4628		2478		3024		310		500		1512		2775		5476		
1080		4418		468		720		4582		2964		391		5859		696		2772		6432		2369		2052		550		1395		1620		2891		950		8568		630		6930		6853		3773		5616		264		1271		1144		2046		4160		76		
2904		2070		6804		880		2255		329		644		140		3479		5632		625		3240		4260		2480		578		1539		1378		2910		1326		4140		1764		115		2332		1769		1230		5046		4158		5148		1360		4680		
1104		1428		4940		4092		3731		684		2640		3264		780		1140		2990		8265		132		1449		6237		3666		1180		589		8245		1760		97		1971		187		5874		2392		2226		510		238		6392		666		
1517		3738		7315		660		360		240		5353		1092		4425		6486		882		720		946		672		378		370		3850		864		2470		4968		4914		1680		5088		4524		1380		2808		320		3648		1040		258		
2304		1218		6586		784		2225		864		348		575		4408		1794		252		2170		1326		1394		1584		1479		2592		3698		792		3332		406		200		3618		589		666		3570		306		3422		1710		836		
3080		3510		4094		1127		1344		774		206		999		6440		5246		945		1144		5785		1952		2660		152		3612		4560		3560		5005		624		392		4264		315		4608		57		5780		5180		1568		8272		
1209		4050		1344		1540		2500		6840		6150		1830		4176		3116		2898		4340		1122		2528		2541		1134		5049		2201		2940		4018		2242		4947		1547		1248		5183		3154		1500		5548		6450		6048		
117		1770		3685		3726		3318		2592		4828		2046		3354		1190		1568		1387		2346		4664		3551		497		714		826		2928		3283		7238		2592		128		4000		1656		2530		108		624		3763		2040		
1716		1188		567		3871		2890		2739		682		4410		352		2607		5994		3190		3627		4636		2500		4680		5395		2565		2616		2349		636		336		1890		616		1825		2294		2340		1053		9879		4374		
7296		4144		56		1716		7220		8428		2425		5904		2350		552		5041		6420		2457		392		101		3190		3927		5733		10230		2340		1111		324		5742		5628		7488		1650		70		49		10355		644		
3432		2193		1240		840		3276		820		798		4950		4400		1768		5332		7372		442		3542		9024		882		880		5828		6592		1242		2970		2088		2100		2332		5550		1386		3096		2288		4900		665		
5520		1128		9282		286		3600		1407		7881		1088		4628		3116		2590		1275		4214		2496		192		469		1794		1824		688		7084		420		980		4270		2040		128		1110		4392		6580		1292		6208		
2610		2829		1232		726		2993		4189		240		1653		2880		1044		6000		5952		2910		3072		4437		3942		5220		460		1728		1134		7176		5250		3552		330		5063		2425		833		1333		3234		370		
2090		1976		1190		2772		8000		1092		1848		1860		2950		583		480		3038		5002		4234		3081		616		341		1750		1305		2624		2070		500		525		1494		748		5762		2703		2322		870		1950		
4661		1462		4455		5096		2052		1725		2835		2592		1587		1728		2451		666		266		52		6080		1536		588		4234		3570		2280		5676		3162		1725		52		6435		1940		2365		3304		2370		3230		
3366		2538		5336		2030		375		720		2847		3300		5032		4154		1840		4160		627		300		3286		1022		3650		616		3965		840		4095		2492		5808		138		2700		1976		492		1378		5320		4941		
828		328		4704		1632		5600		2844		3248		1403		3760		2277		1178		3445		3822		2744		2544		2728		210		1020		1860		575		1024		1920		2652		1595		1890		84		54		2200		2470		988		
629		2945		4752		216		6480		2115		2808		2808		1032		931		1134		2573		2976		4644		3120		2800		1476		1045		730		1360		1700		5734		315		1040		442		2496		208		570		3362		2871		
4234		3822		2604		285		2001		410		9603		2541		1218		4320		1552		2241		2891		832		1925		3026		2349		3588		1107		2832		1216		979		4928		1984		880		3224		3100		3450		2015		6384		
5376		850		3510		1530		1581		4212		3360		3465		7275		1890		621		319		5418		2871		1408		1155		8742		1600		1776		2479		1479		1298		4224		464		2352		928		2272		6083		180		7776		
1725		1485		6110		3111		2475		3320		1504		2499		1922		5104		5494		2800		4559		6688		5432		5985		2484		1560		5551		1309		7920		6279		2880		9888		1656		574		5312		2750		3300		957		
1474		195		2058		5782		5626		5320		2166		3996		4465		1290		1976		7656		1118		1776		3818		608		5589		2200		4416		242		5412		1612		4838		600		2294		836		900		4158		5400		2407		
6006		2340		820		2236		2184		3480		798		2940		4503		2132		105		2660		576		756		1407		420		6958		495		5016		280		252		4180		4154		3008		2226		117		651		506		1971		2460		
1440		408		250		28		1380		740		4697		840		1078		2730		506		354		2035		1584		2600		1734		4212		1978		413		450		4480		3102		2904		396		2970		506		384		1440		4980		732		
2808		6435		4875		5332		1742		4536		2046		1190		7029		3325		4320		3024		2464		2478		7885		1560		220		164		5518		4026		1440		3306		8755		1326		5395		2450		1387		4400		6474		8806		
2860		1870		648		1920		2960		1159		2170		4753		960		416		4872		9100		200		2867		4187		3591		540		1120		3432		684		3204		4620		2040		4347		4233		348		693		867		8924		2580		
1760		3872		3402		1430		2040		5688		2832		4312		2211		2016		1150		546		10		203		5451		480		7308		1121		4752		1102		6510		3025		4050		2700		1809		1881		3444		986		3984		2400		
2916		396		2482		395		814		1000		7140		588		1725		5985		405		1188		495		462		1479		570		5580		1914		2242		1968		3366		870		3712		3906		1872		301		1833		3519		1221		6500		
4200		585		2728		2385		1577		1782		4345		3672		6723		3648		216		5490		2304		1633		2856		32		4140		186		75		396		3162		451		1992		387		1728		2574		2916		5984		3015		2376		
4300		1170		2709		2100		4324		90		1815		1508		2209		3198		377		2990		2639		1584		5220		1767		4290		899		5829		864		2379		2691		1222		924		2128		1065		1860		2112		1273		3762		
657		1710		152		6320		7614		696		102		864		3362		1394		3700		4620		1254		4680		8976		915		219		1922		4704		1080		1890		3864		5828		4680		1617		884		2482		1334		3472		2937		
6468		1794		3713		3026		100		1026		9120		225		6300		7392		1485		2436		1100		2425		4611		1092		5187		1736		1003		1311		1457		432		1462		990		5394		2961		5355		6438		3504		3201		
1083		4029		5940		4484		3880		2730		6480		3431		3712		2052		4095		1440		7905		518		3584		3588		529		2700		2623		219		4350		5508		1888		6000		1462		858		3720		1104		7500		288		
1700		3640		968		4380		3480		1775		3393		1100		1632		1080		2652		792		972		2294		2158		3145		3360		204		2116		528		7298		5022		360		2940		6111		48		1378		2666		7462		1360		
6200		5394		1005		4340		87		7636		7480		1836		7719		7128		106		5925		1440		2535		1848		672		1590		1014		1547		3240		4288		2223		8439		1782		2997		43		1650		5494		6318		4025		
1088		3888		426		7031		498		5124		273		4620		2485		2555		1241		5886		1836		5760		2800		945		5561		2668		763		1222		1575		4067		1824		225		6438		210		1410		3731		8547		7644		
3520		783		2054		520		1566		5280		3315		1215		114		1088		3864		5166		1288		2013		6660		2400		290		570		7224		1		2496		4032		2304		3328		2550		484		156		1800		1428		1080		
129		2009		2072		3355		8544		38		666		2009		3486		3534		1239		800		6320		5632		3538		5494		80		1056		1235		1888		765		3465		1024		5187		2700		2145		4185		600		6699		42		
2028		1216		3116		920		720		2793		408		2924		3420		1760		759		1104		1820		1071		2108		2272		570		864		2304		26		1560		1591		240		44		2394		847		234		1792		2627		4828		
1120		1188		4720		78		5632		105		5504		1500		4154		2090		3040		528		2698		3652		1134		3472		714		588		1476		2337		2970		408		1134		6188		392		4845		1104		2580		3015		3840		
5832		2940		1410		962		378		966		2268		41		3977		1260		1508		608		6486		777		1540		1677		623		5673		266		420		684		954		4300		798		1224		5084		360		7031		2250		4277		
99		28		4788		276		5460		2890		3445		1054		3528		1950		1536		814		1452		3111		3850		4485		1134		132		5103		736		2464		3024		315		6162		528		1887		858		1980		6264		2511		
8464		1166		5544		4560		390		6790		1780		2451		6279		5676		2400		1357		3772		1380		3933		616		5880		1794		1520		5292		288		86		4459		39		6762		2451		2624		77		5655		9434		
1872		1230		7254		140		1100		2550		372		780		8428		6640		525		1368		2550		924		3713		2047		1978		1568		2279		3850		1260		1785		1053		420		1300		966		5340		6440		3053		728		
1920		216		5481		684		3264		1932		5184		245		1705		3024		414		1470		4998		2256		2849		4042		3168		864		690		2613		588		25		1634		1000		595		1850		476		2772		1715		3551		
5984		1638		5766		816		390		3007		1260		2880		8633		2706		1113		1095		6624		1368		95		1421		1540		350		500		884		765		1116		525		4312		342		2356		1072		5740		1122		5016		
2730		3360		1034		3045		222		988		4700		2871		1898		5226		2795		4224		688		570		552		1875		1457		1750		928		504		3363		3612		150		4080		513		3600		3087		616		3655		40		
5605		1680		4617		816		570		1722		426		2028		1449		4902		464		1530		3096		156		3528		1848		1518		2775		3477		3300		1710		475		5664		2610		507		2288		925		3525		3024		5106		
5796		2840		352		375		2688		1122		5252		900		2523		7128		1411		1748		1320		800		1430		3108		1560		650		1280		5888		720		576		4350		2993		600		2907		3712		4071		1863		5688		
