70 30 1
0	100	98	93	64	77	76	55	71	79	94	72	87	94	86	90	86	87	50	95	76	73	53	86	74	84	84	60	96	94	95	77	57	72	100	60	72	66	76	94	72	73	91	68	60	100	57	82	81	50	50	89	87	66	71	84	84	60	92	86	92	54	54	88	82	60	60	54	69	98	
98	0	63	85	64	89	89	71	64	59	50	59	100	62	91	56	70	80	59	92	58	100	63	61	55	61	82	85	90	85	88	84	82	52	80	61	66	85	55	88	76	78	79	66	85	57	58	74	93	91	78	87	66	56	76	65	79	76	71	63	68	70	72	74	69	64	53	68	62	84	
84	76	0	86	98	73	97	66	73	76	83	70	80	100	57	84	67	77	76	92	50	63	82	77	96	63	99	62	93	85	73	91	51	58	86	86	72	79	88	100	85	64	88	58	50	75	54	58	96	89	88	72	50	79	76	53	77	69	61	69	81	83	86	77	64	91	68	84	65	50	
55	76	89	0	52	53	58	86	65	52	74	73	76	72	57	64	92	85	79	84	66	52	100	77	50	93	51	69	74	79	87	84	77	51	56	99	59	67	81	80	56	78	98	68	92	99	63	62	71	91	95	62	88	85	73	63	83	55	60	55	77	50	58	80	72	54	85	69	92	56	
99	51	54	75	0	97	62	68	89	75	88	84	84	88	51	61	61	78	83	81	68	61	61	83	58	87	58	52	83	56	98	74	81	96	50	80	86	75	52	72	76	89	53	72	99	73	66	72	87	60	58	68	97	99	63	53	56	76	58	76	55	92	68	71	66	86	79	94	88	92	
85	69	97	80	68	0	73	70	62	54	71	74	64	55	61	90	76	84	94	62	86	63	69	54	73	61	90	75	50	63	83	71	59	99	56	90	98	58	80	53	67	64	75	92	92	87	66	90	82	52	52	57	89	53	76	97	61	60	54	85	86	75	63	86	69	60	61	72	73	93	
99	72	51	76	51	88	0	91	66	61	77	71	70	100	99	93	94	65	57	100	82	73	97	85	91	77	79	58	98	91	57	52	67	55	54	76	51	78	93	76	84	87	85	51	59	84	67	53	57	96	61	69	79	58	51	85	88	86	53	80	97	97	71	75	92	96	80	86	76	75	
58	99	79	63	77	85	84	0	77	81	84	75	79	80	72	57	75	87	51	52	76	66	51	62	55	69	78	80	81	97	89	76	74	83	85	70	74	74	86	77	64	80	64	85	77	97	62	71	80	89	96	84	91	76	61	57	95	62	83	50	97	64	93	64	98	75	56	71	85	72	
55	89	55	72	67	65	88	67	0	52	79	74	60	55	99	94	75	68	91	58	58	52	57	73	69	95	71	71	83	65	53	91	95	96	95	89	58	79	51	90	76	93	64	94	79	69	91	76	97	71	79	88	94	67	59	87	86	94	53	86	94	68	54	58	71	54	84	78	91	94	
89	82	95	94	74	55	69	69	85	0	53	57	74	86	62	69	99	82	84	96	68	93	90	71	53	75	74	72	75	87	97	65	57	55	54	99	70	62	99	92	60	56	60	67	79	72	79	72	68	69	80	71	57	84	100	85	70	93	91	90	69	50	74	82	82	82	90	69	68	69	
67	85	57	64	84	93	66	57	80	50	0	69	76	67	63	64	92	56	82	52	73	69	57	88	83	50	90	78	64	71	66	76	86	92	61	73	69	52	53	60	78	92	71	92	64	59	68	97	80	68	73	82	98	70	52	72	80	88	94	56	55	83	92	79	83	100	50	96	59	99	
76	64	86	80	92	92	83	87	82	67	77	0	66	94	72	96	64	98	55	71	92	99	66	76	77	91	97	83	62	98	80	56	62	95	60	58	92	80	81	92	84	69	94	84	55	50	84	82	73	79	51	67	93	68	83	79	53	87	64	72	58	54	95	100	80	51	85	74	79	95	
72	85	60	74	63	98	62	98	74	56	99	93	0	50	89	52	98	82	79	56	56	92	75	83	75	76	56	96	84	64	69	69	92	62	56	87	83	60	93	51	55	59	68	89	86	83	79	67	58	64	58	61	84	70	95	79	67	72	85	92	90	93	64	63	58	77	53	100	88	56	
58	71	89	60	72	51	97	55	63	74	90	63	60	0	69	60	97	88	81	79	68	96	60	55	90	85	50	88	55	95	83	67	69	60	66	50	96	90	70	87	92	94	56	67	98	68	67	54	79	89	93	75	91	82	72	67	67	64	96	81	87	58	89	62	81	93	66	81	56	69	
56	63	56	60	88	53	73	99	61	60	84	54	93	57	0	91	98	52	53	92	57	90	61	70	80	83	52	100	91	71	51	55	99	94	84	92	62	86	80	61	61	50	72	70	97	51	76	69	93	90	81	66	81	83	82	63	51	100	60	82	78	69	56	72	57	79	77	74	95	54	
68	55	65	92	96	92	99	91	90	92	72	82	85	91	73	0	70	97	73	69	76	61	95	100	56	73	85	64	70	87	51	65	59	91	64	86	70	90	86	79	82	90	50	82	67	74	75	77	66	93	57	70	69	93	52	73	89	64	99	100	100	87	67	90	60	80	77	62	60	79	
76	88	81	100	90	78	57	55	76	62	79	67	84	53	93	94	0	57	87	83	70	79	78	75	81	97	81	63	52	81	67	51	58	81	71	78	87	69	68	69	54	79	71	55	66	84	78	94	77	99	53	74	55	100	78	85	56	74	53	72	96	72	93	100	78	56	93	59	83	83	
99	73	58	57	64	99	80	93	53	97	98	73	64	73	71	94	60	0	88	91	84	86	84	66	58	85	96	58	50	58	59	60	84	84	76	66	73	66	54	94	72	57	83	98	94	83	60	58	50	58	55	68	78	99	62	51	51	95	95	96	77	58	74	91	97	79	77	74	88	66	
58	76	69	92	99	50	65	73	95	93	62	87	92	71	86	70	76	76	0	70	89	63	65	59	88	81	82	66	57	59	73	77	58	97	70	51	58	78	100	57	67	65	68	58	66	69	82	80	51	67	53	77	75	64	62	72	83	66	50	99	55	66	98	67	58	100	55	52	99	90	
61	55	62	72	62	64	78	94	93	84	78	88	96	93	88	61	100	63	69	0	88	100	89	71	82	73	55	59	94	75	97	95	64	82	99	77	92	52	59	99	89	94	51	76	69	99	59	61	80	95	78	54	89	89	86	52	95	53	100	63	75	85	88	98	85	96	58	91	64	74	
96	85	70	58	96	60	77	69	63	91	62	83	67	76	73	80	84	51	91	69	0	99	88	90	88	73	70	62	85	60	83	70	64	67	65	85	98	89	96	51	99	52	70	58	90	50	80	96	55	77	53	78	69	74	69	70	78	97	85	80	50	64	69	88	78	78	63	55	58	68	
91	63	59	71	83	77	53	73	69	55	75	56	61	72	68	100	95	67	72	90	100	0	79	78	57	75	75	87	54	61	58	69	69	63	58	93	62	95	90	99	62	64	78	86	76	74	67	93	71	51	96	98	79	100	70	79	91	70	52	77	56	79	99	84	60	78	92	64	65	99	
100	79	66	76	54	91	84	80	60	60	58	64	60	90	94	90	54	58	62	88	76	69	0	66	80	89	100	98	91	89	85	92	82	89	70	79	71	90	74	85	91	78	65	79	74	95	71	63	73	50	83	54	78	84	84	88	83	100	64	89	50	54	53	97	60	89	62	64	87	65	
74	96	97	95	62	88	84	73	74	60	75	95	92	98	99	96	57	63	70	89	89	89	73	0	82	83	87	92	63	89	59	56	90	100	53	71	92	82	98	71	98	90	69	62	92	52	61	54	93	52	98	92	94	76	88	100	71	60	70	55	68	54	60	69	92	95	99	91	71	91	
86	73	71	80	80	84	100	87	50	81	56	95	84	66	62	73	84	63	57	85	80	85	53	94	0	61	87	90	98	86	87	59	60	51	92	88	61	71	63	84	92	52	81	82	73	55	86	50	71	77	55	82	72	51	62	66	82	69	77	89	54	88	52	59	73	92	67	68	93	90	
64	91	85	95	94	71	59	78	77	67	86	99	62	57	62	90	91	70	94	80	51	88	74	99	68	0	58	94	65	84	57	64	96	51	80	98	92	78	60	51	79	82	57	53	65	79	68	60	51	88	53	64	89	69	65	68	99	81	85	67	57	76	78	85	85	91	73	87	58	66	
50	72	91	97	78	78	79	100	87	55	76	72	74	77	79	57	87	76	67	79	51	96	88	75	70	73	0	85	51	85	58	62	98	87	91	64	66	83	92	71	72	72	53	69	82	76	60	87	85	76	68	75	56	71	91	51	77	55	87	82	78	76	86	76	86	99	85	98	69	82	
59	74	65	85	85	93	75	90	59	72	61	51	76	94	67	73	84	59	80	68	91	71	52	93	57	97	93	0	51	99	64	87	55	92	89	50	90	80	50	77	81	51	65	79	66	83	91	87	87	85	56	88	66	50	55	79	95	60	81	62	94	54	69	80	90	69	83	90	53	100	
80	99	66	94	62	74	58	94	86	52	53	90	59	52	62	84	59	83	67	63	66	51	99	61	83	61	97	53	0	64	83	69	59	87	63	77	51	64	74	97	99	79	95	67	94	50	59	65	61	76	91	61	77	59	59	82	95	75	64	57	67	59	85	54	52	68	62	65	79	69	
67	94	64	96	66	88	83	90	97	76	90	91	65	79	66	55	53	85	59	72	76	66	77	100	81	50	100	76	82	0	59	64	58	72	97	57	70	94	59	88	90	94	92	66	79	80	54	91	55	71	87	66	83	75	75	95	58	73	63	70	73	98	98	74	58	84	76	96	80	70	
87	100	67	69	99	92	55	56	55	90	90	89	69	67	57	62	54	51	56	85	86	54	79	97	79	80	100	79	53	63	0	63	62	91	100	64	56	52	82	79	83	77	67	96	94	53	58	93	74	98	54	80	56	72	56	70	56	83	71	84	63	74	79	89	59	61	57	82	80	74	
54	51	67	90	96	71	97	63	62	70	90	57	79	80	91	84	76	91	83	78	69	88	59	56	78	79	85	80	63	89	55	0	52	56	52	58	90	67	64	92	61	56	75	63	65	64	55	76	57	99	91	96	85	65	61	83	58	60	85	55	54	51	56	59	61	93	93	64	68	74	
60	83	85	52	88	61	50	95	62	86	59	53	94	82	52	79	97	97	95	68	66	77	58	99	58	86	100	58	82	83	97	53	0	59	72	75	56	75	67	69	68	82	86	97	89	50	94	75	71	70	83	77	81	69	74	97	89	89	63	89	54	83	78	96	65	53	57	74	86	50	
88	81	53	81	85	75	100	89	79	89	51	65	73	99	71	57	60	68	92	80	59	79	91	52	73	89	70	72	66	65	96	65	76	0	57	62	98	100	75	95	75	50	64	100	96	51	52	52	96	57	77	97	65	64	68	54	98	72	83	72	79	98	76	75	68	85	77	71	52	90	
55	98	79	84	82	55	91	53	82	76	58	69	87	83	84	55	87	80	97	60	53	79	68	99	58	91	63	96	78	52	74	100	85	56	0	74	50	60	53	71	50	55	99	71	80	96	66	51	90	81	61	70	63	73	60	69	82	100	79	62	71	85	60	63	98	51	68	74	56	85	
61	64	56	78	84	86	86	90	63	70	100	57	60	56	57	92	53	64	81	79	67	98	68	75	57	63	76	79	94	65	98	50	93	61	96	0	98	62	95	55	68	76	50	71	66	64	79	92	97	97	94	55	96	76	93	56	56	82	57	85	82	94	94	63	81	51	76	98	68	97	
78	99	65	87	79	73	59	58	89	78	77	67	51	74	88	99	74	92	90	57	51	68	93	68	87	83	66	67	62	56	91	67	55	96	59	76	0	76	60	59	53	75	100	75	76	68	68	66	64	81	73	100	75	94	97	92	72	51	63	86	57	98	94	81	97	91	96	98	51	69	
58	63	64	64	77	61	50	57	51	55	81	60	57	58	81	78	69	80	73	85	87	65	57	95	55	82	99	80	56	82	56	97	95	51	80	84	51	0	61	91	58	65	53	58	74	91	84	75	57	76	96	72	61	74	62	91	61	64	83	60	61	66	54	68	50	94	93	60	85	75	
63	76	98	55	64	78	60	55	95	93	81	50	92	61	51	93	95	82	82	50	94	62	54	62	93	72	76	80	74	88	50	63	58	94	78	92	99	75	0	81	85	51	63	59	71	100	61	57	71	59	55	67	71	84	73	65	82	69	88	74	71	82	78	53	72	73	80	81	74	99	
61	57	76	71	99	100	71	91	84	77	60	65	89	97	59	51	57	65	87	66	74	100	89	72	51	83	83	58	55	62	89	76	72	76	57	83	80	57	92	0	80	86	60	53	74	69	85	93	70	62	95	62	58	89	97	91	78	77	74	52	77	89	80	96	58	51	86	76	70	52	
50	53	52	55	99	69	62	50	68	71	91	97	66	77	67	95	82	77	68	61	57	96	52	61	81	61	78	59	71	59	82	89	85	51	62	77	92	73	82	99	0	96	67	79	99	99	80	82	51	75	78	88	64	69	75	72	65	97	50	66	88	100	71	54	50	94	73	74	72	67	
84	51	78	65	70	89	75	77	65	78	94	69	67	57	94	100	55	63	50	79	94	81	54	91	96	99	88	60	93	58	100	83	67	89	61	78	78	66	54	78	60	0	97	56	75	55	68	79	88	69	84	55	72	97	78	97	86	83	85	51	90	63	93	56	90	56	73	88	75	50	
76	81	50	64	72	59	97	97	89	72	75	53	54	81	98	51	86	71	75	70	54	63	68	62	68	94	58	74	54	53	98	63	69	59	81	100	60	79	73	58	68	50	0	67	54	73	85	99	61	82	59	96	91	93	62	50	78	73	63	76	72	95	52	68	96	76	82	51	99	53	
68	77	93	72	99	73	93	50	94	93	50	55	68	50	81	83	87	82	63	80	74	52	57	88	75	96	65	94	99	55	79	57	86	72	89	94	87	86	70	91	91	92	76	0	79	72	87	87	63	98	87	85	71	71	93	51	55	95	84	71	64	94	62	85	83	71	50	81	74	66	
56	76	70	71	74	90	67	93	52	50	70	78	81	91	71	68	71	90	55	74	74	74	79	50	54	66	69	62	82	98	59	72	53	81	80	94	95	90	91	52	90	54	57	70	0	53	65	89	81	61	99	78	95	78	88	82	61	61	71	75	55	87	72	97	89	56	89	92	52	98	
91	59	78	56	53	77	63	57	79	99	82	54	96	57	88	94	75	71	98	56	89	90	98	57	78	63	96	89	71	54	73	71	87	83	90	83	81	65	78	100	84	62	88	50	80	0	92	59	60	83	95	81	65	86	66	89	73	56	57	60	91	93	64	90	94	84	90	88	61	89	
79	89	96	100	99	96	91	85	94	71	96	51	82	75	92	63	78	75	89	50	76	64	82	91	53	91	71	77	84	75	68	98	75	66	81	97	98	74	72	76	52	56	86	63	56	88	0	93	73	84	60	67	73	79	90	96	58	79	100	54	69	83	67	72	60	70	91	82	72	52	
64	61	68	65	76	59	67	62	92	90	77	73	69	100	54	58	55	59	63	95	78	88	95	64	95	58	62	88	91	91	92	56	72	97	87	89	61	67	79	79	94	59	84	79	72	100	59	0	79	90	72	63	73	72	71	90	67	57	96	83	56	89	57	66	98	77	69	56	97	69	
87	58	78	100	94	99	59	58	94	69	61	91	96	54	77	63	64	96	90	63	64	52	61	69	97	89	51	61	77	67	80	84	73	74	78	60	89	81	72	96	78	63	64	89	53	90	77	58	0	90	78	90	63	94	95	65	92	73	80	95	95	94	75	96	64	89	89	88	58	99	
67	63	85	89	100	92	80	77	56	75	69	70	61	67	100	100	57	72	91	78	93	98	96	63	66	100	50	54	58	97	51	94	84	86	85	51	100	72	65	54	93	54	54	95	73	65	99	54	75	0	84	87	70	59	98	81	53	99	57	76	89	60	77	97	62	92	53	54	75	79	
52	76	72	72	59	54	81	80	76	69	84	69	77	53	85	76	95	95	96	75	67	55	96	52	77	64	100	60	88	100	65	80	93	62	60	89	97	54	98	96	57	72	83	62	72	92	86	75	63	62	0	84	92	100	98	71	79	74	79	84	55	82	84	65	88	85	93	66	87	64	
64	83	67	82	51	56	74	83	66	65	68	57	79	89	91	82	70	87	63	73	83	75	53	93	74	65	93	77	68	61	70	100	80	81	94	55	53	85	57	70	90	90	59	66	80	95	54	79	52	76	95	0	86	76	54	92	88	73	98	75	69	56	71	96	71	98	52	63	73	56	
55	75	89	58	90	91	76	62	82	60	79	67	50	88	81	76	96	86	93	82	74	56	87	50	50	59	55	76	61	67	54	97	52	74	59	74	68	79	67	75	58	64	99	51	73	93	61	77	66	93	88	67	0	85	77	78	69	66	100	71	62	76	78	86	62	64	82	59	74	98	
58	96	91	96	85	80	79	65	57	78	70	61	98	93	65	83	67	88	100	91	80	100	89	59	84	93	88	74	62	89	98	80	57	53	76	77	98	54	81	97	52	61	91	61	86	70	74	99	68	75	63	70	93	0	58	92	87	75	100	95	86	66	100	59	63	95	63	95	95	59	
55	59	68	70	92	50	87	79	99	95	86	69	80	61	97	88	63	89	55	69	79	68	65	52	56	50	71	68	57	55	72	90	64	85	58	94	76	60	55	65	59	59	52	74	85	56	58	89	89	70	88	60	69	83	0	50	55	64	55	76	69	69	60	100	64	71	62	87	76	50	
53	81	77	73	97	65	96	72	93	59	65	91	91	60	80	71	68	53	61	66	88	67	92	59	86	91	50	85	54	96	95	80	80	72	50	90	73	64	75	82	97	79	90	75	53	68	64	72	95	97	84	51	67	50	78	0	58	89	89	66	67	84	58	74	82	57	64	83	100	73	
98	66	76	75	91	78	93	83	67	85	53	57	72	72	77	80	79	75	65	100	70	80	65	53	71	89	86	87	93	80	81	87	79	63	70	57	98	79	71	63	90	91	60	70	63	54	74	51	100	91	77	55	88	56	76	68	0	96	91	69	69	59	60	99	97	86	99	86	74	76	
78	78	83	53	57	54	94	92	100	83	76	68	89	85	54	90	60	93	62	97	58	50	98	77	97	58	85	91	51	55	87	57	72	51	54	74	98	81	90	54	100	99	69	66	96	90	100	52	78	94	61	58	70	64	100	73	52	0	61	65	94	57	90	62	57	70	74	56	98	60	
70	70	69	64	70	87	74	90	80	63	59	87	91	75	89	56	70	54	68	57	57	57	98	93	81	70	97	89	54	77	88	77	81	86	56	92	78	58	67	80	61	61	62	57	90	82	84	83	88	90	60	86	52	59	62	83	75	53	0	52	72	90	96	75	96	64	100	55	73	56	
90	61	51	80	64	74	88	57	88	83	85	77	75	61	76	75	72	78	65	54	54	69	81	57	92	52	60	66	84	95	68	88	55	67	54	64	85	98	68	57	54	81	97	64	54	67	65	74	53	53	99	97	85	99	85	87	61	75	71	0	79	92	81	63	67	75	70	61	60	66	
86	51	55	58	87	74	73	54	94	74	51	76	96	91	69	60	77	63	79	82	77	98	86	57	78	81	73	97	63	68	86	52	62	80	86	94	91	68	85	93	54	99	100	70	83	67	52	74	98	73	57	82	72	51	73	83	67	66	69	82	0	83	79	84	69	69	77	95	52	98	
68	92	94	70	66	92	52	91	52	94	70	61	90	94	72	56	70	55	65	66	64	71	92	79	51	84	54	86	65	71	100	74	55	95	80	72	91	56	93	64	77	60	84	93	96	50	92	92	54	91	74	100	59	82	94	76	54	72	93	67	87	0	93	50	52	64	87	85	91	59	
78	86	56	71	79	98	62	86	88	86	56	84	99	81	88	54	90	56	53	67	84	83	61	58	72	95	88	80	60	76	86	50	67	82	51	51	89	92	87	80	60	82	76	54	78	63	55	90	94	53	65	75	60	52	83	53	64	66	91	59	89	78	0	66	83	65	55	74	74	74	
91	89	99	100	73	78	52	94	50	60	79	76	85	54	55	67	72	63	68	71	97	87	50	71	92	100	50	99	58	69	57	71	84	61	86	88	66	68	99	83	53	99	84	50	79	67	60	56	99	77	93	67	73	93	95	60	71	98	52	92	76	87	90	0	62	79	58	94	100	54	
61	78	67	67	76	85	76	68	88	61	58	61	81	97	91	58	94	97	86	59	87	81	76	53	98	85	53	65	75	88	94	75	86	76	76	55	68	51	97	84	92	94	93	94	79	97	85	76	78	92	85	99	74	62	50	75	59	75	58	88	70	68	62	97	0	83	98	68	79	75	
91	100	77	98	55	83	63	61	52	82	91	72	98	95	75	66	87	92	78	95	80	70	60	61	70	71	94	79	89	77	82	74	76	53	87	89	69	52	77	92	94	94	79	68	58	91	81	83	87	72	60	54	86	91	89	75	63	82	65	94	80	96	54	67	84	0	85	58	94	97	
99	65	97	81	54	75	52	61	72	92	98	78	64	97	60	57	61	81	95	89	81	66	70	94	53	54	87	57	79	98	52	53	67	52	77	81	97	55	97	90	97	70	86	53	53	73	51	74	68	97	99	66	81	90	82	76	99	83	61	80	59	94	61	75	57	78	0	71	61	82	
62	55	82	75	61	94	71	97	76	53	84	77	90	64	94	62	80	64	69	56	66	61	75	95	58	57	98	97	74	85	56	98	86	94	65	76	53	95	77	63	96	80	64	61	82	88	83	81	71	78	61	54	95	100	89	78	69	56	60	72	85	56	86	93	87	60	82	0	82	99	
67	57	72	83	69	63	70	67	94	82	100	81	94	66	51	50	89	51	66	91	97	50	73	59	98	94	66	77	65	63	92	97	72	70	70	75	73	72	75	58	94	84	61	98	69	71	59	64	61	95	85	92	90	50	76	69	64	96	100	66	58	75	87	81	82	56	91	78	0	50	
59	56	61	88	75	79	77	83	98	92	75	62	53	59	60	69	95	52	93	92	88	50	54	75	53	86	65	95	57	96	61	57	91	73	50	94	66	99	92	89	61	79	89	78	92	55	81	64	64	71	54	100	89	68	80	68	73	74	89	59	81	61	81	69	52	77	80	73	89	0	
26	39	71	55	88	39	71	40	39	35	58	81	77	62	59	80	9	22	66	56	85	63	13	89	30	62	42	27	77	17	
39	26	55	26	50	31	64	16	47	41	24	57	45	23	45	41	46	16	55	30	56	32	39	50	23	30	25	29	57	54	
71	55	26	78	80	85	18	70	40	40	72	108	31	57	100	59	71	60	109	25	103	81	61	71	75	32	32	44	110	87	
55	26	78	26	39	23	89	15	73	66	9	31	60	26	24	42	63	35	33	53	31	8	60	45	26	48	51	54	32	65	
88	50	80	39	26	62	96	50	93	87	32	46	50	28	58	21	96	66	64	59	34	32	90	12	63	48	66	78	52	101	
39	31	85	23	62	26	92	16	68	62	30	42	74	44	21	62	48	28	29	61	48	30	48	67	11	60	54	49	39	46	
71	64	18	89	96	92	26	79	33	36	84	120	49	72	109	76	68	65	118	38	116	94	58	88	81	48	38	45	121	85	
40	16	70	15	50	16	79	26	60	53	18	44	58	29	30	48	48	20	39	46	46	23	45	54	13	44	41	41	44	51	
39	47	40	73	93	68	33	60	26	7	71	104	60	65	88	77	35	41	97	39	104	80	26	89	57	49	27	19	103	52	
35	41	40	66	87	62	36	53	7	26	64	97	56	59	81	72	32	34	90	34	97	73	22	83	51	45	22	12	96	49	
58	24	72	9	32	30	84	18	71	64	26	36	52	17	33	33	66	36	42	47	33	10	61	37	31	41	47	53	38	70	
81	57	108	31	46	42	120	44	104	97	36	26	85	51	24	60	90	65	23	83	13	26	89	57	51	76	82	85	7	87	
77	45	31	60	50	74	49	58	60	56	52	85	26	35	84	29	80	58	93	22	78	61	70	40	68	15	36	53	89	93	
62	23	57	26	28	44	72	29	65	59	17	51	35	26	50	19	69	40	59	34	45	26	62	27	41	25	38	49	55	77	
59	45	100	24	58	21	109	30	88	81	33	24	84	50	26	65	68	47	9	75	34	26	69	66	31	72	71	69	19	64	
80	41	59	42	21	62	76	48	77	72	33	60	29	19	65	26	86	57	73	40	51	39	78	12	60	29	50	64	65	95	
9	46	71	63	96	48	68	48	35	32	66	90	80	69	68	86	26	30	76	59	94	71	10	96	39	66	44	28	87	17	
22	16	60	35	66	28	65	20	41	34	36	65	58	40	47	57	30	26	56	39	67	43	25	67	17	43	28	22	63	37	
66	55	109	33	64	29	118	39	97	90	42	23	93	59	9	73	76	56	26	85	35	34	77	73	39	81	80	78	17	70	
56	30	25	53	59	61	38	46	39	34	47	83	22	34	75	40	59	39	85	26	78	57	49	52	52	11	14	31	85	72	
85	56	103	31	34	48	116	46	104	97	33	13	78	45	34	51	94	67	35	78	26	24	91	46	55	71	80	85	20	94	
63	32	81	8	32	30	94	23	80	73	10	26	61	26	26	39	71	43	34	57	24	26	68	40	34	50	57	61	29	73	
13	39	61	60	90	48	58	45	26	22	61	89	70	62	69	78	10	25	77	49	91	68	26	89	38	57	34	17	86	27	
89	50	71	45	12	67	88	54	89	83	37	57	40	27	66	12	96	67	73	52	46	40	89	26	67	41	62	75	63	103	
30	23	75	26	63	11	81	13	57	51	31	51	68	41	31	60	39	17	39	52	55	34	38	67	26	53	44	39	48	40	
62	30	32	48	48	60	48	44	49	45	41	76	15	25	72	29	66	43	81	11	71	50	57	41	53	26	23	40	79	79	
42	25	32	51	66	54	38	41	27	22	47	82	36	38	71	50	44	28	80	14	80	57	34	62	44	23	26	17	83	59	
27	29	44	54	78	49	45	41	19	12	53	85	53	49	69	64	28	22	78	31	85	61	17	75	39	40	17	26	84	43	
77	57	110	32	52	39	121	44	103	96	38	7	89	55	19	65	87	63	17	85	20	29	86	63	48	79	83	84	26	83	
17	54	87	65	101	46	85	51	52	49	70	87	93	77	64	95	17	37	70	72	94	73	27	103	40	79	59	43	83	26	
2728		365		3025		2208		2880		2816		3432		1200		3640		3150		1406		4374		3906		1710		3600		3132		3213		1958		3294		2070		5148		1972		2340		3015		2366		2380		2240		2958		5115		4425		
2175		3995		9215		4176		5848		1375		7663		2442		6732		3224		2862		3328		5915		5148		2440		5695		2257		2765		4224		6216		4176		3080		2898		7644		2175		7469		4032		4004		4897		2054		
4331		1917		1980		3465		2300		5472		2958		3198		5000		2852		3256		7227		935		1584		3604		1782		3250		2665		7469		858		5762		2397		3080		1950		3550		304		2280		3040		7350		5236		
1349		3630		4641		4096		5959		3311		6319		5100		5529		4770		3795		6970		6650		4774		3599		5890		1936		3081		6402		4200		5520		4248		2542		5616		1976		6156		5766		3760		7120		395		
2158		3572		4080		5332		8526		3300		3780		4032		742		657		5270		7820		6100		3717		4350		3942		2139		2072		5796		2964		8836		6790		702		4452		3652		4080		1400		891		5005		2760		
4482		2646		2465		3969		4928		3534		2870		2226		3840		1960		4085		7347		1863		2640		5184		2204		5529		3096		5913		216		4275		5141		4608		4000		2597		520		1176		1860		7776		4118		
7371		4048		7225		2772		798		3978		8500		3192		4784		4988		2304		3168		5278		1960		3784		2760		6853		3660		2700		4030		1491		1596		6460		2025		3024		2809		3432		4575		3572		4743		
2014		3075		8556		2312		4745		816		9108		1652		4032		3696		2562		3936		7480		4704		1608		5328		3760		1836		1624		4757		4648		2952		3550		6083		1278		4970		5518		5170		2236		2520		
624		3082		3996		5166		7008		3384		7029		2592		2052		2100		6204		8096		5576		5175		5561		6090		198		1620		5550		4514		7812		6603		910		7200		3458		5304		4512		3000		5695		1120		
5120		2709		6336		1332		2773		2080		6634		2639		7209		5412		1638		928		4158		3440		880		5208		7326		2842		1241		3621		1794		1309		3942		5488		1820		5940		6072		5320		882		4331		
6586		4588		684		5418		6675		8736		800		3927		3354		2600		4240		9976		2460		6204		10700		4209		4464		5915		9009		2112		5600		5490		6076		5440		7695		3977		3700		3807		9794		8722		
2968		3120		5890		1026		3240		1207		5304		2425		5561		4389		2072		1300		7426		4410		430		4880		6045		3784		1110		3570		2409		1232		5785		5518		1674		5478		4160		5760		1995		3162		
4655		2392		7200		600		4653		1425		5580		840		6816		4928		928		3234		3250		1856		1240		3528		4002		2208		1914		2750		2124		1020		3024		3604		1064		4004		5148		4316		3168		5664		
5312		4611		6156		2784		3835		2548		6318		2622		5452		8800		3034		2522		7360		3248		632		5402		4818		5130		252		8217		1924		1768		6956		4588		2627		6800		7098		6764		1672		4757		
8554		3640		4130		2646		1248		3570		6873		4332		8722		4872		3480		5124		3393		2175		4270		1116		5096		4623		6545		2704		4650		2332		6750		392		6090		3444		3286		5776		5896		8374		
3698		1495		2784		3381		4095		3796		3960		3627		2820		2300		4400		6080		2176		3600		5106		4042		3312		2296		6864		728		4081		3888		1908		4366		3698		1302		213		1311		8019		4860		
3157		480		5418		1476		3854		1704		4032		584		4675		3264		850		3871		4100		1978		2442		2993		3871		1444		3666		3648		3577		1675		2992		2891		1748		2700		3162		2812		4067		3575		
5925		2993		4234		2511		495		3286		7476		3198		7056		3978		1472		4004		2610		1482		3900		1122		4558		4424		3304		3264		2890		2366		6800		1380		3510		3526		3933		4216		4753		8372		
6966		2961		5092		4268		795		6600		5460		3120		7055		5688		3024		4189		3276		1272		6204		640		5487		4736		5254		4176		4080		3640		5610		384		4355		2405		2900		3834		6016		9595		
3024		324		5194		1830		5238		2944		4026		1296		2816		3071		2349		3965		3645		1566		4176		3916		4116		897		3648		2436		5520		2736		3185		5022		1840		2449		1679		1675		4819		4182		
3135		2350		2940		4312		4800		5170		4900		2652		2726		3486		1850		4818		1960		1288		6097		2550		5704		3002		6391		1012		6732		4700		4940		3318		3888		405		1240		2556		5100		6438		
3480		4559		828		3888		6241		5244		1037		6111		1769		2800		6566		6283		2808		2970		5301		3780		4366		2950		9384		1344		8415		7315		4361		6408		3366		2170		1672		2673		7280		3800		
3652		2550		7644		1232		3850		511		4876		756		5254		6016		1550		3420		5680		3240		1139		3591		3339		2970		1950		5040		2982		1196		3816		3904		1365		5452		4806		5200		2380		4940		
1752		2814		5044		5346		6370		3135		3696		4182		1140		1176		4745		8835		3300		3843		6930		5694		1580		1829		8415		3036		4850		4599		638		7387		3496		3763		1740		812		7896		2146		
2788		3990		8360		1947		3744		708		7676		1932		5925		6693		2520		2565		4730		3080		1239		3848		4400		2196		2522		6120		5184		2840		5194		6162		1680		4968		3328		4674		2480		2236		
4288		2059		6956		1092		2375		2196		4437		1525		6004		4278		476		2835		3213		1547		2592		2175		4896		3999		2552		4116		1624		600		5159		1829		2146		3906		2703		4582		2736		4180		
5313		4005		6497		1702		1872		2494		5150		2331		7820		6880		1512		1672		6175		2560		3080		1938		6106		5130		3800		5720		962		896		6232		1890		4704		2850		6324		6290		2184		8536		
5208		4698		3840		3520		2500		7220		7134		3965		6438		5658		3726		5670		2178		2880		5082		1260		7425		4615		5628		4459		4012		5049		5278		1274		6278		3496		3720		6536		6975		8424		
504		2370		5159		4186		5609		2880		5780		2573		3627		2278		3234		4307		4623		4982		4399		3763		1207		1106		4514		4067		7469		3996		848		6000		1978		4015		1836		1512		5396		2232		
4158		3294		738		5846		5695		5478		891		5670		1760		2937		6734		7040		3744		5368		6200		5590		5915		4104		6649		2538		5512		4284		3618		4081		4526		2997		2670		2457		10545		6237		
7448		4872		371		4680		7448		8514		2475		6552		3525		2530		6106		8560		2592		2968		5050		4345		5775		6048		10670		2470		5555		4131		6138		6164		7644		2310		1750		2450		10682		4876		
5538		3621		1620		3850		4788		4428		2280		5742		4950		3484		5766		8536		871		4048		9212		2520		4400		6014		8446		1771		5940		4608		4550		3816		6512		1782		3348		3744		7400		5035		
5760		2914		9690		1430		4800		1764		9435		2144		6764		5658		3045		1875		6364		3848		196		3551		4347		3312		744		7392		1925		1876		5600		4420		1664		4218		5760		6790		1596		6336		
4176		3444		1316		3630		5110		5609		1296		3648		2940		1943		6000		7776		2970		3936		6525		4644		5510		2530		5568		1274		8188		6160		4176		3432		5612		2475		1258		2201		6468		3848		
2156		2888		4760		3486		8000		1596		5280		2430		4425		2915		2592		4588		6560		5046		3510		4081		1705		2125		2880		4480		4416		2700		1995		4814		1224		6231		4028		3311		3306		2225		
6241		2881		4500		5148		2808		4278		4536		3996		4209		4032		3354		3996		826		1300		6840		1568		4452		4988		6035		2640		6138		4131		4575		1300		6435		1980		3311		4602		5135		6365		
4950		2619		5568		2465		1425		2736		5037		3300		5916		5146		1920		4680		1947		348		4293		1204		5475		2464		5002		2135		4275		2632		6204		1196		3600		2288		2255		3339		5488		6480		
2196		560		4752		2516		5600		3240		4424		1840		3880		2805		2139		4940		4032		2772		3922		3564		2184		1260		4030		1525		3648		2960		3026		3520		2295		1428		918		2200		4485		3068		
1156		3038		5076		2754		7290		3285		4104		3354		1704		1406		3240		5395		4588		5022		4810		4900		1638		1463		3942		2680		5100		5917		603		4480		1904		3648		1404		780		5740		3069		
5767		3861		5460		1083		2162		2214		9603		2937		4872		6160		1584		2484		4366		1690		2695		3230		5184		4368		2583		4366		1558		1045		6314		2592		2596		4212		4650		5175		2542		7392		
6888		2900		6210		2250		1632		4680		6930		3960		8439		5400		1647		1595		5859		3102		2860		2310		9021		3968		3264		4556		1598		1738		6512		1653		3976		3364		4686		6952		1872		8736		
2001		3465		7708		4575		6138		3680		5358		3675		4030		5452		6097		5360		7081		7144		5544		7695		2592		2730		5856		4466		8360		6624		3240		10094		2628		4346		5824		3850		5400		1034		
4020		2028		2079		5841		5742		6160		2964		4698		4606		2752		3588		8272		1209		2738		6059		2204		6279		3600		6808		660		6806		3906		5369		2750		4216		968		1675		4200		7200		5312		
6270		2670		2419		3268		3042		4640		3192		3570		5130		3640		1785		4830		1088		1278		4020		1200		7029		2475		6308		1120		3213		4312		5208		3104		3763		504		1860		2530		4599		5330		
2925		600		2600		1400		2990		2183		5429		1449		2940		3444		1380		3068		2849		1692		3800		2550		4732		2139		3127		1450		5040		3201		3652		2376		3000		1380		1368		2304		5520		3355		
6552		6500		6150		5766		2158		6468		5673		4060		8415		6365		4860		5112		3432		3318		8134		1968		5500		4182		7209		5063		3660		4503		9579		1513		6806		3700		4307		6600		7176		10353		
3652		2618		1674		3960		5180		3599		2635		4851		1460		1008		5208		9100		2080		3760		6004		4617		2475		2310		6072		1242		5963		5610		2720		5658		4641		1624		801		1275		9016		4260		
4880		4136		3780		3410		3000		6480		4366		4928		4422		4158		2852		4134		500		1537		6636		1240		7896		3481		6776		2001		6790		4235		5775		2850		4221		1900		3822		3364		6142		5952		
4158		1276		4891		450		2220		1725		7812		994		4278		6174		450		2376		2970		1281		2175		2166		5890		2607		3002		3360		3400		940		4756		4074		2236		2279		3243		4284		2442		6500		
6300		2520		4464		3420		1748		4158		6083		4386		7452		5624		1872		5795		2752		1978		4828		212		6570		3162		3750		2376		4131		2255		5146		639		4032		2937		4158		6392		4824		6039		
4650		1335		3483		2800		4462		2250		3630		2204		3431		3649		1624		4745		2755		1692		5510		2418		4895		1885		6298		1332		4209		3315		2914		2562		2964		1275		1920		2706		3953		5148		
3942		3648		176		7200		7857		4611		884		3960		3731		2706		5550		7810		2244		5340		9588		3477		3723		4030		7952		1890		6090		6048		6014		5904		4620		2142		2924		2944		7280		5874		
7476		3174		5767		3196		295		3306		9310		2340		7650		7896		2079		3318		3050		2475		4929		1596		7098		3906		3422		3477		2263		1566		4988		1245		5626		3807		5859		6956		4176		6402		
1482		4539		7470		5192		6693		3315		7740		4089		4756		3726		5265		4640		8556		3922		4592		6348		1403		3168		4331		3723		6525		6120		2528		8000		2414		4290		4860		2852		7500		585		
4216		3840		1584		5220		4640		4402		3627		3245		3216		2790		3900		4752		1080		2997		5146		3441		5180		2601		5612		864		7790		5642		3120		3920		6237		612		1976		3483		8281		4845		
8100		5828		3819		5270		1479		7968		7990		4284		8556		8008		2650		6750		2484		3237		5124		1386		6042		4368		5278		4320		5312		3933		9118		1800		5508		2150		4092		6806		7209		7705		
3876		4644		516		7426		4316		6720		780		5810		2975		3010		4234		8393		2700		5880		6300		3591		6164		4234		5777		1898		5985		6142		3705		3825		6956		1855		2190		3936		9768		7980		
4510		1827		2340		2808		3654		5640		3627		2835		1938		2244		4232		6724		1794		2640		7030		3200		3016		2166		7812		50		5148		4816		3552		4264		3825		792		715		2400		4872		4104		
213		3034		4662		4400		8722		1900		3996		3034		3822		3686		3540		4320		7110		6016		4640		6806		530		1728		3835		3835		4590		4851		1312		7098		2850		4290		4365		1800		7238		714		
3588		1558		3458		2440		2736		3822		2703		3162		3960		2880		2013		3933		2210		1575		4092		2720		3078		2016		4752		650		4030		2924		2496		2200		3276		968		1008		2496		4828		5848		
2144		1944		6320		1326		6016		399		7052		1500		5146		3795		3136		2640		4899		4004		1890		4836		2436		1323		2520		3990		4158		1904		2646		6528		396		5301		2928		3440		3735		3920		
6966		3920		5358		1768		1512		2760		6480		2050		6790		5040		2054		1235		6693		2220		2520		2967		4717		5917		2014		3640		792		1368		6450		2280		3162		5642		3744		7426		2375		6643		
594		1400		5544		2392		6630		3128		4940		2046		3564		2460		3168		4070		3960		4080		4675		5658		1458		660		5733		2668		5082		4212		900		6942		1440		3468		2046		2000		6768		2619		
8832		3180		6336		4704		832		6930		5251		4047		7735		7138		3200		3599		3936		2190		5382		1008		7840		4278		4484		5346		2496		2150		6734		168		6831		3354		4480		3850		6110		10070		
4836		2624		7566		1456		1100		3750		4743		2340		8514		7360		1302		2584		3825		1562		4230		2185		5246		3528		3763		4675		2016		1953		4536		1200		3224		2760		5640		6720		3655		4823		
2960		549		5922		1242		4032		2116		6192		469		3575		3888		1098		3136		5049		2328		3256		4171		3984		1332		2622		3237		2695		1250		2967		3000		1139		2775		1904		3204		3283		4452		
6392		2898		7533		1200		2106		3069		5775		2940		8811		5412		1596		1290		6912		2584		988		3136		4543		2650		1475		3808		1224		1164		3975		4606		2052		4278		3819		6370		1411		6308		
3315		3780		5170		3290		3774		1144		7300		2900		4599		5963		3569		4512		4558		3078		1464		4650		3055		2625		1914		3816		4503		3906		2550		6000		1197		5400		4662		3080		3999		2000		
5782		1890		5187		1608		1770		2940		3763		2314		3843		5301		1024		3315		3348		228		4214		1974		4026		3219		4560		3300		3060		1475		5782		2820		2184		2444		2294		4136		4212		6216		
6348		3440		4488		930		2944		2244		7676		1920		5568		7614		1547		1824		3894		1984		2002		3654		4602		2800		2240		6144		1152		688		5925		3567		2280		4275		5056		5451		2093		6794		
