70 30 1
0	100	97	89	46	65	64	32	56	68	91	58	80	91	79	85	78	81	26	92	64	60	29	79	62	75	76	40	94	90	92	66	35	59	100	41	58	48	64	91	58	60	86	52	41	100	36	72	71	25	25	83	80	49	56	76	76	40	88	78	87	32	31	83	72	41	41	31	54	97	
97	0	45	77	46	84	84	57	46	39	25	39	99	43	87	35	55	70	38	87	36	100	44	42	32	41	73	77	85	77	82	75	73	29	70	42	49	78	33	82	64	67	69	50	78	35	37	61	90	86	67	81	49	35	65	48	69	64	57	44	53	54	58	61	54	46	30	53	44	76	
76	64	0	79	96	60	96	49	59	64	75	55	71	99	36	75	51	66	64	88	26	45	73	66	94	45	98	43	89	77	59	87	26	37	78	78	58	69	82	100	77	46	82	38	25	62	31	37	93	84	81	58	25	69	64	30	66	54	41	54	72	75	78	65	46	87	53	77	48	25	
32	64	83	0	29	30	37	80	47	28	61	59	64	58	36	46	88	77	68	76	50	29	100	66	25	90	27	53	62	68	81	76	65	27	34	98	39	51	71	71	34	67	97	52	88	99	44	44	57	86	93	43	82	77	59	45	75	33	40	33	66	25	38	70	57	31	77	53	88	34	
98	27	31	62	0	95	44	52	83	62	81	76	76	82	27	42	41	67	74	71	53	42	42	74	37	81	37	28	75	34	97	61	72	94	26	70	79	62	29	58	64	83	29	58	99	60	50	58	81	40	38	53	96	98	44	30	34	65	37	64	32	88	53	57	49	79	68	91	82	88	
78	54	96	71	52	0	59	55	43	31	57	60	47	32	41	85	65	75	90	43	79	45	54	31	59	42	85	62	25	45	75	57	39	98	35	85	96	38	71	29	51	47	63	87	88	80	50	85	73	28	28	36	83	29	64	95	41	40	31	78	78	62	44	79	53	40	42	58	60	90	
99	58	27	64	27	82	0	87	50	42	65	57	55	100	98	89	90	48	36	100	73	60	95	77	86	66	68	37	96	87	36	28	51	33	32	64	26	67	90	64	76	81	78	26	39	75	51	30	35	95	41	53	69	37	27	77	82	79	30	69	95	95	57	63	88	94	70	80	64	62	
37	99	68	45	65	78	75	0	66	71	75	62	68	69	58	36	63	80	27	28	64	49	27	43	33	54	66	70	71	96	83	63	61	74	77	55	62	61	78	65	46	71	46	78	65	96	42	56	70	84	94	76	87	65	42	35	93	44	74	25	96	45	90	46	97	63	34	56	78	58	
33	83	32	58	51	47	82	50	0	29	68	61	40	33	99	90	62	52	86	37	37	29	36	60	53	92	57	56	74	48	29	86	93	94	93	83	37	68	27	86	64	90	46	91	69	54	86	64	96	56	69	81	91	50	39	81	79	91	30	78	91	52	31	37	56	32	76	67	86	91	
83	73	93	91	61	33	53	54	77	0	30	35	61	78	43	54	99	72	76	94	52	90	85	57	30	62	61	59	62	81	95	47	36	33	31	98	56	43	98	88	40	34	39	50	68	58	69	57	52	54	70	57	36	75	100	78	55	89	87	85	53	25	61	73	74	74	85	53	52	54	
50	77	36	47	75	89	48	35	70	25	0	54	64	51	45	47	88	34	73	28	59	53	36	82	75	25	85	67	46	56	49	64	79	88	42	60	53	28	30	40	68	88	57	88	47	38	52	95	69	53	60	72	96	55	28	58	70	81	90	34	32	75	88	69	75	99	26	95	39	98	
64	46	79	69	88	88	75	80	73	51	65	0	49	91	58	94	46	97	33	56	88	98	50	64	65	87	95	75	43	96	70	34	43	92	39	37	88	70	72	88	76	54	91	75	33	25	76	72	59	68	27	51	89	53	75	68	29	81	46	58	38	31	93	100	70	27	77	62	68	93	
58	77	40	61	45	96	43	97	61	34	98	90	0	25	84	28	97	73	68	35	34	87	63	74	63	65	33	93	75	46	54	54	88	43	34	80	74	40	89	26	33	39	52	84	79	75	69	51	36	47	37	42	76	55	92	69	50	58	78	88	85	89	46	45	37	65	30	100	82	34	
37	57	83	41	57	27	95	33	45	61	85	44	41	0	53	40	95	83	71	68	52	93	40	33	85	78	26	81	33	93	74	51	54	41	50	26	94	84	54	80	88	91	34	51	96	52	51	31	68	84	89	62	87	73	58	51	51	46	94	72	81	36	84	44	71	89	48	71	34	53	
35	44	34	40	82	30	59	98	42	40	76	31	89	36	0	86	96	28	29	88	35	85	42	55	70	74	29	99	86	56	27	33	99	90	76	88	43	79	69	41	42	25	59	56	95	26	64	53	90	85	71	50	72	74	73	44	26	100	40	73	67	53	34	59	35	69	66	61	92	31	
52	32	47	88	94	87	98	86	85	88	59	73	77	86	60	0	55	95	60	53	64	42	93	99	35	59	77	46	56	81	27	48	39	86	45	79	56	84	79	68	73	85	25	72	51	60	62	65	49	90	35	55	54	89	29	59	83	47	98	100	100	81	51	85	40	70	66	44	40	68	
64	81	71	100	85	67	36	33	64	43	68	50	76	30	89	91	0	36	81	75	55	69	67	62	71	95	71	44	28	72	51	26	38	71	57	68	80	53	52	53	31	69	56	33	49	77	67	91	65	99	29	61	33	100	66	78	34	61	29	58	94	58	90	100	66	34	89	39	75	74	
98	59	37	35	46	98	70	89	29	95	97	60	46	59	57	90	40	0	82	86	76	79	76	48	37	77	94	37	25	38	38	40	75	76	64	49	60	49	32	91	58	36	74	96	92	75	40	37	26	37	33	52	67	98	43	26	27	92	92	94	66	38	62	86	96	69	66	60	82	50	
38	63	53	87	98	25	47	59	92	89	44	80	88	57	78	55	64	64	0	55	84	45	48	39	82	72	74	49	36	39	59	65	37	95	56	27	37	67	99	35	50	48	51	37	49	53	73	70	27	50	30	66	62	46	44	58	75	49	25	98	32	49	97	51	37	99	33	28	98	84	
41	32	44	58	43	46	66	92	89	75	67	82	93	89	82	42	100	44	53	0	81	100	83	57	73	60	32	38	90	63	95	93	47	72	99	66	88	29	39	99	83	91	27	64	53	98	39	42	70	93	66	31	84	83	78	28	92	30	100	45	62	77	81	96	77	94	38	86	46	61	
94	78	55	37	93	40	66	53	44	86	42	75	50	64	59	71	75	26	87	53	0	98	81	85	82	59	55	43	78	41	75	55	46	51	47	77	97	84	93	26	99	29	56	37	85	25	70	95	33	66	30	67	54	61	54	56	67	96	78	69	25	46	54	81	67	67	45	33	37	51	
86	45	39	56	74	65	30	60	53	32	62	35	41	58	51	100	92	51	58	85	99	0	68	66	35	63	62	80	31	41	38	54	53	45	37	90	43	92	85	98	44	46	66	79	64	61	51	90	56	26	94	97	68	100	55	69	86	56	28	66	34	68	98	76	40	67	88	47	48	99	
99	69	50	64	31	86	76	70	40	40	37	46	40	85	91	84	31	37	43	82	64	54	0	50	70	84	99	97	87	84	77	88	72	83	55	69	56	85	61	77	86	66	47	69	61	93	57	44	60	25	75	31	67	76	75	81	74	99	46	84	25	31	29	95	41	84	44	46	81	47	
60	94	95	92	44	82	76	60	61	40	63	93	88	97	98	94	36	44	55	83	83	83	59	0	73	74	81	88	45	84	38	34	84	100	30	57	88	73	96	57	96	85	53	43	87	28	42	32	90	28	97	87	91	63	82	100	56	41	55	33	52	32	40	54	87	93	98	87	56	87	
80	59	56	70	70	75	100	81	25	72	34	93	76	49	42	59	76	44	36	78	70	77	30	91	0	41	80	84	97	79	81	39	41	26	88	82	41	56	45	76	88	28	72	73	59	33	80	26	56	65	32	73	58	27	43	50	73	53	66	83	30	82	28	39	60	88	50	52	89	84	
46	86	78	93	91	56	38	67	65	51	80	98	42	35	43	85	87	55	90	70	27	82	62	99	51	0	37	91	48	76	36	46	93	26	69	96	88	68	41	27	69	73	36	30	48	68	53	40	27	82	29	45	83	53	48	51	98	72	78	51	36	64	67	77	77	86	59	80	37	49	
25	58	86	95	67	68	68	100	80	33	63	58	61	66	69	36	80	64	51	69	27	94	82	63	56	60	0	77	27	77	38	44	96	81	87	46	50	74	88	57	58	57	29	54	73	64	40	81	77	64	52	63	34	56	86	27	66	33	80	73	66	63	78	63	79	99	78	96	54	72	
39	62	48	77	78	89	62	85	38	59	42	26	65	91	50	59	76	39	70	52	87	57	28	89	35	95	90	0	26	99	45	80	32	88	84	25	85	71	26	66	72	27	48	68	49	74	86	80	81	77	34	82	49	25	32	68	92	41	71	43	91	31	53	70	86	54	74	85	29	99	
69	98	50	90	44	60	37	91	79	28	30	85	39	28	43	76	39	74	51	45	49	26	99	42	75	41	95	29	0	46	74	54	38	81	44	65	26	46	61	96	98	69	92	51	91	25	39	48	42	63	87	41	66	39	38	73	92	62	46	35	51	38	77	31	28	52	43	47	68	54	
51	90	46	94	49	81	75	85	95	64	85	86	48	68	49	32	29	77	39	57	64	49	66	99	71	25	99	65	73	0	39	46	38	58	95	35	55	91	39	82	85	91	87	49	68	70	31	86	33	56	81	49	75	63	63	93	38	59	45	56	59	97	97	61	38	77	64	93	70	55	
81	99	51	53	98	88	32	35	32	84	85	84	53	51	35	43	32	26	34	78	79	31	69	95	69	69	100	68	29	45	0	44	43	86	99	45	35	28	73	68	74	65	51	94	91	30	38	89	61	97	32	70	34	57	34	55	35	75	57	76	44	60	68	84	39	42	36	73	70	61	
32	27	51	84	94	56	95	45	43	55	85	35	69	70	86	76	64	87	75	66	54	82	39	34	67	68	78	71	45	83	33	0	28	34	28	37	85	51	46	88	41	34	63	44	47	46	33	63	36	99	87	93	77	48	42	75	37	40	78	33	31	27	34	39	42	89	90	47	53	61	
40	75	77	28	83	42	25	92	42	79	39	29	91	73	29	68	96	95	92	52	49	66	38	98	37	79	99	37	73	75	96	30	0	39	58	62	34	62	50	54	52	72	80	96	83	25	90	63	56	54	74	65	72	53	60	96	83	83	45	84	31	75	68	94	48	29	35	60	79	25	
82	72	29	71	77	62	100	83	69	83	26	48	60	98	56	36	41	52	88	70	39	69	87	29	60	83	54	57	49	47	94	47	63	0	36	44	96	99	63	93	62	25	45	100	93	26	28	29	93	36	65	96	48	47	52	31	97	58	75	58	69	97	64	63	53	77	65	56	28	86	
32	97	69	77	73	33	87	29	73	64	37	53	81	74	75	33	81	70	95	41	29	69	52	98	38	86	45	93	67	28	61	100	78	33	0	62	25	40	30	56	25	33	98	57	70	94	48	27	86	71	42	55	45	60	40	53	74	99	69	43	57	77	41	45	97	26	51	61	35	77	
41	46	35	68	76	79	79	84	44	55	100	36	39	33	36	88	29	46	72	69	51	97	52	62	36	45	64	68	90	48	97	25	90	42	93	0	97	43	93	33	52	64	26	56	49	46	69	87	95	96	91	33	94	64	89	35	35	73	35	78	72	91	90	44	71	26	65	97	52	95	
66	98	47	80	68	59	39	38	83	67	66	50	26	61	83	98	61	88	84	35	27	52	90	52	80	74	50	51	43	35	86	51	32	94	39	64	0	64	40	38	30	63	99	63	65	51	52	49	46	71	59	100	62	91	95	87	58	27	45	78	36	97	90	71	96	87	94	97	27	54	
38	45	46	46	66	42	25	35	27	33	71	39	36	37	71	66	54	70	59	77	80	48	35	93	33	72	98	70	35	72	34	95	92	27	71	77	27	0	42	86	37	47	30	37	61	86	76	62	35	65	93	58	42	60	43	86	41	47	74	40	42	49	31	52	25	91	90	40	77	62	
44	64	96	33	46	68	40	33	93	89	71	25	87	42	26	89	92	73	73	25	90	42	32	43	90	59	64	70	61	82	25	44	37	91	67	87	99	63	0	72	77	26	45	38	56	100	42	35	57	39	32	50	57	76	60	48	73	54	82	61	57	73	68	30	57	60	70	71	61	98	
42	36	64	57	99	100	57	87	75	65	39	48	84	96	39	27	36	47	80	50	62	100	83	58	27	75	74	37	33	43	84	65	58	65	36	74	70	35	88	0	70	78	40	29	62	53	78	89	56	44	93	42	38	83	95	86	67	66	61	28	65	84	70	94	37	27	79	63	55	29	
25	30	29	33	99	54	43	26	52	56	87	96	48	66	50	93	74	65	53	42	36	94	28	41	71	42	68	38	56	38	73	84	77	27	43	65	88	60	74	98	0	94	50	68	98	98	69	73	27	62	67	81	47	54	62	58	47	95	25	49	82	99	57	32	25	90	59	60	58	51	
76	26	66	48	55	84	62	65	47	67	90	53	50	36	90	100	33	45	26	69	91	72	32	86	94	99	82	40	89	38	100	75	51	83	42	67	66	48	31	67	40	0	95	35	62	32	52	68	82	53	76	33	58	95	67	95	79	75	78	26	84	44	90	35	85	34	60	82	63	25	
63	71	26	46	57	39	96	95	84	57	62	30	31	72	96	27	78	57	63	55	31	45	52	43	53	91	38	61	32	30	97	44	54	39	71	100	39	68	59	37	52	25	0	51	32	60	77	98	41	74	38	93	86	89	43	25	68	59	45	63	58	93	29	53	94	65	72	27	99	29	
51	66	89	59	98	59	90	26	90	89	25	32	51	25	72	74	81	73	44	70	61	28	35	82	62	93	47	91	98	33	68	35	79	59	83	91	80	78	56	87	86	89	64	0	69	58	80	81	45	97	81	77	57	56	89	27	33	92	77	56	46	90	43	78	75	57	26	71	61	49	
34	64	55	57	61	85	50	89	28	25	55	67	71	87	57	52	57	85	32	61	61	61	68	26	31	49	53	43	73	96	39	57	29	71	69	90	92	85	86	28	85	31	35	55	0	30	48	83	71	42	98	67	92	67	82	73	41	42	56	62	32	81	58	95	84	34	83	87	28	97	
87	38	67	34	30	65	45	36	69	99	73	31	94	35	82	91	63	56	97	35	84	85	97	36	67	44	94	83	56	32	59	57	80	74	85	75	72	47	66	99	77	43	81	25	70	0	87	39	40	75	93	71	48	79	49	83	60	34	35	40	87	89	46	84	91	76	84	81	42	84	
68	83	94	99	99	94	86	77	90	56	94	27	72	62	88	45	68	63	84	25	64	46	72	86	29	86	56	66	75	63	52	97	63	49	72	95	97	61	57	65	28	34	79	45	35	82	0	89	59	76	41	50	59	68	86	94	37	68	100	31	54	74	50	58	40	56	86	73	58	28	
46	42	52	48	63	39	50	43	88	85	65	59	54	99	31	37	33	38	45	92	67	82	93	46	93	37	43	81	86	86	88	33	57	95	81	83	41	50	69	69	90	39	76	69	59	100	38	0	68	85	58	45	60	58	57	85	50	36	94	75	35	84	36	49	97	66	54	35	95	53	
80	37	67	99	90	98	39	37	90	54	42	86	94	31	66	44	46	93	85	45	47	28	41	54	95	83	27	42	65	50	70	76	60	61	67	40	83	71	58	94	68	44	47	83	29	85	65	37	0	85	66	85	45	91	92	47	87	59	70	92	92	90	63	94	46	84	83	83	38	98	
51	44	78	83	100	88	70	66	35	63	54	55	41	50	100	99	35	58	87	68	90	96	94	45	49	100	25	32	38	95	27	90	75	80	78	27	100	58	48	32	90	31	31	92	60	47	99	32	62	0	76	80	55	38	96	72	30	98	36	65	84	39	65	96	43	87	30	32	63	68	
28	64	59	58	38	31	71	70	64	53	75	53	65	29	78	64	92	93	93	63	51	33	94	29	66	46	100	40	82	100	47	70	89	43	41	83	96	31	97	94	36	59	74	43	59	89	80	63	45	43	0	76	88	100	97	56	69	61	69	75	33	72	77	48	81	78	90	49	81	46	
45	74	51	73	26	34	62	74	49	47	53	36	68	84	86	73	56	81	44	60	75	63	30	90	61	48	89	66	52	42	56	100	70	72	91	33	29	78	35	55	85	85	38	50	71	92	32	68	29	64	92	0	78	64	31	88	82	59	97	63	53	34	56	93	57	97	28	45	59	34	
33	62	83	38	84	86	64	43	73	40	68	51	25	81	71	64	94	79	90	72	61	34	80	26	26	38	32	65	42	50	31	96	28	62	39	61	52	69	50	62	37	47	99	27	60	90	42	65	49	89	82	51	0	77	66	67	54	49	100	57	43	64	68	79	44	46	73	39	61	96	
38	93	87	93	78	71	69	47	35	67	55	42	97	90	47	74	51	83	100	86	70	100	84	39	76	89	82	61	43	84	97	70	35	29	64	65	97	31	71	95	28	41	86	41	79	55	61	99	53	63	45	55	90	0	38	88	80	63	100	93	78	50	100	39	45	92	44	93	93	38	
32	38	52	55	88	25	80	68	98	92	79	54	71	42	96	82	45	83	32	54	68	52	47	29	34	25	56	53	36	33	58	86	46	77	37	91	64	39	32	48	39	39	28	61	78	34	38	83	83	56	81	40	53	74	0	25	32	47	33	65	53	53	41	100	47	57	43	81	63	25	
30	71	66	59	96	47	93	58	90	39	47	86	87	40	71	56	53	30	41	49	81	50	88	39	79	87	25	78	31	94	93	70	70	58	26	84	60	47	62	73	96	68	85	63	30	52	47	58	92	96	76	26	51	25	66	0	37	83	83	49	51	76	37	61	72	36	46	75	100	60	
98	49	64	62	86	66	89	75	51	77	29	36	59	59	65	70	69	62	48	100	55	70	48	30	56	83	78	81	89	70	72	81	68	44	55	35	97	68	56	44	85	87	40	55	45	31	62	27	100	87	66	33	81	34	63	53	0	93	86	54	54	38	40	98	95	79	99	79	61	64	
66	67	74	30	36	31	91	88	100	74	64	52	84	78	32	84	40	89	43	96	37	25	97	66	96	38	78	87	27	33	80	35	58	27	31	61	97	72	85	31	99	99	53	49	94	85	100	28	67	92	41	36	56	46	100	59	29	0	42	47	91	36	85	44	36	56	61	34	96	41	
55	55	53	46	54	81	62	85	70	45	38	80	86	62	83	34	54	32	52	36	35	35	96	89	72	56	95	84	31	66	83	65	72	79	34	87	67	37	50	69	41	41	42	36	85	73	75	74	82	85	40	79	29	39	43	74	62	30	0	29	57	85	93	63	93	46	100	32	60	34	
85	42	27	70	47	62	81	35	81	75	78	66	62	42	63	62	58	67	48	31	31	53	71	36	87	28	40	49	76	92	52	82	33	50	31	47	78	96	52	36	31	71	95	46	31	51	47	61	30	29	99	95	77	98	77	81	42	63	57	0	68	88	71	44	51	63	54	41	40	49	
79	27	32	37	80	61	59	31	91	61	26	65	94	86	54	39	66	45	68	73	65	96	79	36	67	71	59	95	45	53	79	29	43	70	79	91	86	53	77	89	32	99	99	55	74	51	29	60	97	59	35	73	58	27	60	75	50	49	53	73	0	75	68	76	54	53	66	92	29	96	
53	88	91	55	49	88	28	86	29	90	54	41	84	90	58	34	55	33	48	49	46	57	89	68	27	77	31	80	47	57	100	61	33	93	69	58	86	35	90	47	66	40	75	90	94	25	87	88	31	86	61	100	38	74	91	63	31	58	89	50	81	0	90	25	29	46	80	77	86	39	
67	78	35	57	69	97	43	79	82	79	34	76	99	71	82	31	84	35	30	51	76	75	42	37	59	93	82	69	41	64	78	25	51	73	27	27	84	88	80	69	40	72	64	32	67	44	33	85	91	29	48	62	40	28	74	29	46	49	87	39	83	68	0	49	74	48	33	62	61	61	
87	84	98	100	60	67	29	90	25	41	68	64	78	31	33	50	57	44	52	57	96	80	26	56	88	100	25	98	37	54	36	56	76	42	79	82	48	52	99	74	29	98	75	25	68	50	40	34	98	66	90	50	60	90	92	40	57	97	28	88	64	81	84	0	43	69	37	91	99	31	
42	68	50	50	64	78	64	51	82	42	38	42	72	95	87	38	91	96	79	39	80	71	64	30	98	78	30	48	62	81	91	63	78	64	63	32	52	27	96	75	87	90	89	90	69	96	77	63	68	87	77	98	61	43	26	62	38	62	37	81	56	52	44	95	0	74	96	52	68	63	
87	100	66	97	33	74	44	42	29	73	86	58	97	93	62	49	81	87	67	93	70	56	40	42	55	56	91	68	83	66	73	61	64	29	80	84	54	28	66	87	90	91	69	52	37	87	72	74	80	59	40	32	79	87	83	63	45	73	48	91	71	95	31	51	76	0	78	37	91	95	
99	47	95	71	31	62	28	41	58	87	97	67	46	95	40	35	41	72	92	83	71	49	55	90	30	31	81	35	68	96	28	30	51	28	66	71	95	32	95	86	95	55	79	29	29	60	27	62	52	96	99	49	72	85	73	64	99	74	42	70	39	91	41	63	35	67	0	56	42	72	
43	32	72	62	42	91	56	96	64	30	75	65	85	47	90	43	69	46	54	34	48	41	62	92	37	36	97	96	62	78	34	97	79	91	47	64	30	93	66	45	94	70	46	41	73	82	74	71	57	66	41	31	92	100	83	67	54	34	41	58	77	35	79	90	80	41	73	0	72	99	
50	35	58	74	54	45	55	51	90	74	100	72	91	48	27	25	83	27	49	86	95	25	59	38	97	90	50	66	48	45	88	95	58	55	55	62	60	58	62	37	91	76	42	96	53	56	39	47	42	92	77	88	85	25	64	53	46	94	99	50	37	63	80	72	72	34	87	66	0	26	
39	35	42	82	62	68	66	74	97	87	63	44	30	38	40	54	92	27	89	87	82	26	31	62	30	79	48	93	36	94	41	35	87	60	25	90	49	99	89	83	41	69	83	67	88	32	72	46	47	56	32	100	84	52	70	53	60	61	84	39	72	41	71	53	28	66	70	60	83	0	
26	39	71	55	88	39	71	40	39	35	58	81	77	62	59	80	9	22	66	56	85	63	13	89	30	62	42	27	77	17	
39	26	55	26	50	31	64	16	47	41	24	57	45	23	45	41	46	16	55	30	56	32	39	50	23	30	25	29	57	54	
71	55	26	78	80	85	18	70	40	40	72	108	31	57	100	59	71	60	109	25	103	81	61	71	75	32	32	44	110	87	
55	26	78	26	39	23	89	15	73	66	9	31	60	26	24	42	63	35	33	53	31	8	60	45	26	48	51	54	32	65	
88	50	80	39	26	62	96	50	93	87	32	46	50	28	58	21	96	66	64	59	34	32	90	12	63	48	66	78	52	101	
39	31	85	23	62	26	92	16	68	62	30	42	74	44	21	62	48	28	29	61	48	30	48	67	11	60	54	49	39	46	
71	64	18	89	96	92	26	79	33	36	84	120	49	72	109	76	68	65	118	38	116	94	58	88	81	48	38	45	121	85	
40	16	70	15	50	16	79	26	60	53	18	44	58	29	30	48	48	20	39	46	46	23	45	54	13	44	41	41	44	51	
39	47	40	73	93	68	33	60	26	7	71	104	60	65	88	77	35	41	97	39	104	80	26	89	57	49	27	19	103	52	
35	41	40	66	87	62	36	53	7	26	64	97	56	59	81	72	32	34	90	34	97	73	22	83	51	45	22	12	96	49	
58	24	72	9	32	30	84	18	71	64	26	36	52	17	33	33	66	36	42	47	33	10	61	37	31	41	47	53	38	70	
81	57	108	31	46	42	120	44	104	97	36	26	85	51	24	60	90	65	23	83	13	26	89	57	51	76	82	85	7	87	
77	45	31	60	50	74	49	58	60	56	52	85	26	35	84	29	80	58	93	22	78	61	70	40	68	15	36	53	89	93	
62	23	57	26	28	44	72	29	65	59	17	51	35	26	50	19	69	40	59	34	45	26	62	27	41	25	38	49	55	77	
59	45	100	24	58	21	109	30	88	81	33	24	84	50	26	65	68	47	9	75	34	26	69	66	31	72	71	69	19	64	
80	41	59	42	21	62	76	48	77	72	33	60	29	19	65	26	86	57	73	40	51	39	78	12	60	29	50	64	65	95	
9	46	71	63	96	48	68	48	35	32	66	90	80	69	68	86	26	30	76	59	94	71	10	96	39	66	44	28	87	17	
22	16	60	35	66	28	65	20	41	34	36	65	58	40	47	57	30	26	56	39	67	43	25	67	17	43	28	22	63	37	
66	55	109	33	64	29	118	39	97	90	42	23	93	59	9	73	76	56	26	85	35	34	77	73	39	81	80	78	17	70	
56	30	25	53	59	61	38	46	39	34	47	83	22	34	75	40	59	39	85	26	78	57	49	52	52	11	14	31	85	72	
85	56	103	31	34	48	116	46	104	97	33	13	78	45	34	51	94	67	35	78	26	24	91	46	55	71	80	85	20	94	
63	32	81	8	32	30	94	23	80	73	10	26	61	26	26	39	71	43	34	57	24	26	68	40	34	50	57	61	29	73	
13	39	61	60	90	48	58	45	26	22	61	89	70	62	69	78	10	25	77	49	91	68	26	89	38	57	34	17	86	27	
89	50	71	45	12	67	88	54	89	83	37	57	40	27	66	12	96	67	73	52	46	40	89	26	67	41	62	75	63	103	
30	23	75	26	63	11	81	13	57	51	31	51	68	41	31	60	39	17	39	52	55	34	38	67	26	53	44	39	48	40	
62	30	32	48	48	60	48	44	49	45	41	76	15	25	72	29	66	43	81	11	71	50	57	41	53	26	23	40	79	79	
42	25	32	51	66	54	38	41	27	22	47	82	36	38	71	50	44	28	80	14	80	57	34	62	44	23	26	17	83	59	
27	29	44	54	78	49	45	41	19	12	53	85	53	49	69	64	28	22	78	31	85	61	17	75	39	40	17	26	84	43	
77	57	110	32	52	39	121	44	103	96	38	7	89	55	19	65	87	63	17	85	20	29	86	63	48	79	83	84	26	83	
17	54	87	65	101	46	85	51	52	49	70	87	93	77	64	95	17	37	70	72	94	73	27	103	40	79	59	43	83	26	
1936		300		1815		2162		2115		2592		1848		1008		2912		2430		1178		3834		3738		1656		3150		2880		2295		1848		2214		1590		5096		1508		1260		2250		2236		2156		1960		2720		4895		3717		
1798		3666		9025		3840		4472		825		6693		1850		6664		1736		1620		1856		4368		4422		1640		4250		1554		2415		4136		5624		2664		1870		2268		6916		2025		7315		2835		3380		4366		1768		
3477		1512		1188		2970		1150		5358		1887		2747		4950		1932		3034		7154		544		1276		2040		1323		1690		1927		7392		637		5226		1269		1848		975		2800		256		2208		2560		7200		4004		
1064		2640		2457		2944		3838		2838		4984		5049		5472		4505		2208		6205		5320		3311		2318		4085		1804		2691		6336		2625		3772		2736		2294		3224		1102		5265		5580		3243		6640		340		
1950		3458		3744		4898		8439		2200		3420		3648		420		531		4836		7084		6100		2655		2775		2190		2047		1708		4452		2496		8460		6720		403		2520		3256		3744		875		891		2912		2120		
3996		2619		2233		3479		4536		2451		2296		1260		3720		1190		3999		7031		1633		2460		4176		1406		5415		2808		4860		128		2625		5035		4512		3450		1470		280		1064		1290		7614		2627		
7047		3726		6545		2744		490		3417		7700		2688		2668		3268		2232		3136		5046		1540		3520		2640		5785		2460		1550		2914		1176		1365		5525		1775		1836		1537		1848		3150		3458		2418		
1140		2542		8184		1768		3504		612		8712		1092		2448		2310		1722		3456		6970		4256		1224		4366		3290		1088		986		3550		4200		2378		2850		5214		1026		3905		5146		5005		1247		1800		
536		2346		2294		4662		5760		2773		6958		1536		1178		1400		5940		7744		4346		4278		4958		4785		147		960		4662		3721		6975		6319		715		5952		3268		4556		4418		3000		4250		966		
4480		1892		4704		1098		1833		1820		4601		2523		6408		4018		1170		592		2387		3010		781		4984		7252		1813		1003		1846		1564		1105		2336		5376		1015		5610		5658		4480		630		2911		
6216		3782		585		3870		5518		8554		700		2002		3081		1880		2400		9164		1640		5940		10700		2898		3096		5590		7605		1518		2912		3780		6014		4240		7533		3936		3700		3384		8732		8633		
1624		2680		3990		608		2160		969		2704		2375		4233		2772		1708		700		7189		4365		390		4270		5850		3526		915		1890		1980		748		5460		5146		1161		4884		3055		5440		1953		1674		
4508		2262		6720		504		4653		1380		3780		660		6674		4160		576		3201		1625		1216		860		2842		3132		1728		1421		1430		1404		780		1792		2756		665		3432		5148		3848		3136		5487		
4800		4240		3888		2560		2535		2522		3627		2052		3572		8800		2501		2470		6440		1972		544		4453		3577		4968		225		8217		1073		952		6660		3182		2109		6160		6786		6308		1539		3752		
8281		2808		2730		1519		1072		1820		5916		3648		8544		3108		3240		4636		3120		1798		2940		1068		2744		3450		5929		1508		4500		1320		5670		384		5670		3116		1860		4864		5561		7314		
3397		1081		2560		2646		2961		3120		3920		3471		2730		2200		4400		5200		1598		3564		4209		3713		2714		2016		6396		442		2310		3186		1044		3658		3354		903		168		1026		7938		4320		
2706		320		4977		1314		3431		1344		2448		472		4235		2496		442		3332		3600		1817		1813		2419		3332		1197		3149		3534		2891		1250		2244		1911		1672		2268		3060		2368		3626		2585		
4898		2419		2701		2201		288		2279		6764		2747		6384		2106		1058		3828		1665		1273		3224		833		2580		3864		2006		2346		2618		2236		6160		1320		2592		3239		3078		2924		4704		7912		
6192		2115		4288		4224		435		6600		4032		2080		6290		4582		2736		3304		3096		720		6006		560		3627		3904		4144		3840		3696		3480		4080		376		3250		1776		1450		2272		5824		9292		
2736		284		5141		1230		5130		2784		2989		1044		2024		2738		2160		2928		3240		999		3840		3696		4074		702		2622		2204		5340		2340		3010		4806		1587		2139		1380		1250		4209		3774		
1881		2250		2660		4268		4800		5005		4900		2028		1739		3150		962		3577		1940		782		5762		2310		5518		2622		5698		979		6664		4700		4784		2898		3456		360		860		2016		3900		5994		
2280		4512		648		2304		5372		4028		714		5985		1218		2800		6499		4326		2412		1760		3348		2640		3658		1950		8976		987		7623		7084		4067		6048		1782		1736		1386		2376		5720		1900		
3256		2310		7224		1056		3025		420		2668		434		4331		5824		1075		3312		4970		2880		850		2565		2332		2940		1638		4620		2352		644		3074		2806		1305		5278		4482		5200		1870		4784		
1416		2100		4992		4752		5005		1881		3168		3723		945		1152		3835		8550		1716		2646		6622		4680		1380		1209		8330		2376		2425		3285		407		6586		2944		2968		1110		518		7144		1406		
2132		3864		7790		1287		2016		468		6464		1512		5175		6555		1680		1620		2838		1848		798		2072		4100		1512		2496		5544		5022		2240		5141		5304		1520		3888		1792		4161		1760		1247		
3264		1624		6734		924		2300		1512		2349		1050		5168		3036		364		2485		2244		1462		2088		1827		3744		3870		1672		3724		986		390		4355		1209		1406		3738		1479		4002		2242		2508		
4158		3735		5251		1403		1608		1634		2575		1665		7084		6106		1239		1408		5980		2272		2870		1026		4816		4845		3680		5330		793		644		5166		1085		4656		1425		6052		5698		1848		8360		
3162		4374		2560		2530		2500		6992		6642		2867		5307		4346		3312		4970		1650		2688		3773		1190		6237		3408		4284		4263		3127		4998		3367		1261		5694		3306		2580		6080		6675		7236		
306		2070		4422		3956		4424		2720		5304		2294		3471		1700		2401		2774		3450		4823		3975		2059		952		966		3721		3675		7315		3294		480		4960		1817		3245		936		1056		4544		2136		
2904		2214		648		4898		4250		4067		792		5040		1024		2772		6364		5060		3705		5002		4300		5135		5655		3363		4578		2457		3074		2268		2754		2310		3139		2627		2490		1716		10212		5265		
7372		4480		210		3198		7296		8428		2450		6192		2914		1518		5538		7490		2511		1624		2525		3740		4851		5922		10450		2418		3333		2187		5940		5896		7566		1980		910		1225		10464		2668		
4446		2907		1420		2310		3969		2624		1520		5346		4675		2600		5580		7954		650		3772		9118		1680		2640		5952		7416		1495		4410		3312		3290		3074		5994		1584		3204		3016		6200		2755		
5640		2021		9486		832		4200		1575		8658		1600		5696		4346		2835		1575		5246		3172		194		1943		3036		2544		720		7238		1155		1428		4900		3196		864		2590		5040		6650		1444		6272		
3422		3116		1274		2112		4015		4899		768		2622		2910		1479		6000		6912		2940		3504		5481		4320		5336		1472		3552		1204		7636		5670		3840		1848		5307		2450		1037		1736		4802		2072		
2112		2394		2890		3108		8000		1344		3520		2160		3658		1749		1536		3782		5740		4640		3276		2310		992		1925		2070		3584		3243		1600		1225		3154		969		6030		3339		2795		2088		2100		
5451		2150		4455		5096		2412		2967		3717		3294		2898		2880		2881		2294		532		650		6460		1552		2436		4582		4760		2460		5874		3621		3075		650		6435		1960		2838		3894		3713		4750		
4158		2565		5452		2233		900		1728		3869		3300		5508		4650		1880		4420		1287		324		3763		1106		4526		1540		4453		1470		4185		2548		6006		667		3150		2132		1353		2332		5376		5670		
1512		440		4752		2040		5600		3060		3808		1633		3800		2541		1643		4225		3948		2744		3180		3124		1176		1140		2914		1025		2304		2440		2856		2530		2079		728		486		2200		3445		1976		
884		3007		4914		1458		6885		2700		3456		3081		1368		1159		2160		3984		3782		4860		3965		3850		1566		1254		2336		2000		3315		5856		450		2720		1156		3024		806		670		4592		2970		
4964		3861		4032		684		2070		1312		9603		2739		3045		5200		1568		2349		3599		1248		2310		3128		3726		3952		1845		3599		1368		1012		5621		2272		1716		3692		3844		4278		2294		6888		
6132		1850		4860		1890		1598		4420		5145		3690		7857		3600		1107		928		5607		3003		2112		1715		8835		2752		2496		3484		1530		1518		5368		1044		3136		2088		3479		6478		1008		8256		
1863		2475		6956		3843		4257		3480		3384		3087		2976		5278		5829		4080		5820		6916		5488		6840		2538		2145		5673		2849		8096		6417		3060		9991		2124		2378		5568		3300		4350		1001		
2680		1092		2058		5841		5684		5740		2546		4374		4512		2021		2756		8008		1170		2257		4897		1406		5934		2850		5612		451		6068		2728		5133		1650		3224		902		1275		4158		6300		3818		
6138		2490		1599		2752		2574		4060		1995		3234		4788		2860		945		3710		816		1008		2680		800		7029		1485		5624		700		1701		4224		4650		3072		2968		306		1240		1472		3212		3854		
2160		504		1400		700		2162		1443		5063		1134		2009		3108		943		1711		2442		1638		3200		2142		4472		2070		1770		950		4760		3168		3256		1364		3000		943		864		1888		5220		2013		
4680		6435		5475		5518		1950		5460		3813		2590		7722		4845		4590		4032		2904		2898		8051		1752		2750		2132		6319		4514		2520		3876		9167		1428		6059		3100		2847		5456		6786		9520		
3256		2244		1161		2940		3996		2379		2387		4802		1200		704		5040		9100		1120		3290		5135		4104		1485		1715		4752		954		4539		5148		2380		4968		4437		957		747		1071		9016		3360		
3280		4004		3570		2420		2520		6048		3599		4592		3283		3024		1978		2262		250		841		6004		860		7560		2301		5720		1537		6650		3630		4875		2790		3015		1881		3654		2146		5063		4128		
3510		836		3650		420		1517		1350		7476		784		2967		6048		430		1764		1705		861		1827		1330		5766		2244		2622		2688		3400		900		4234		3990		2054		1247		2538		3876		1813		6500		
5208		1530		3596		2880		1653		2904		5214		4029		7128		4636		1044		5612		2528		1794		3808		120		5310		1612		1875		1364		3621		1353		3569		513		2880		2772		3510		6188		3953		4158		
4450		1245		3096		2450		4416		1170		2695		1856		2820		3403		986		3835		2697		1638		5394		2077		4565		1392		6030		1080		3294		3003		2068		1722		2508		1170		1900		2409		2546		4488		
2263		2679		164		6720		7776		2610		476		2376		3567		2050		4588		6160		1749		4980		9282		2196		1898		2976		6272		1458		3990		4956		5890		5256		3080		1496		2720		2116		5264		4450		
6972		2484		4740		3094		195		2166		9215		1260		6930		7644		1782		2856		2050		2450		4770		1344		6097		2790		2183		2394		1829		999		3182		1110		5510		3384		5607		6734		3840		4753		
1273		4284		6660		4838		5238		3003		7020		3760		4234		2862		4680		3040		8184		2146		4088		4968		966		2916		3477		1898		5394		5848		2208		6900		1938		2496		4260		1932		7500		432		
2924		3720		1276		4800		4060		3053		3510		2145		2400		1935		3276		2728		1020		2627		3652		3293		4270		1377		3864		696		7544		5332		1680		3430		6174		324		1664		3096		7826		3060		
7100		5580		2345		4774		783		7802		7735		2992		8091		7568		1378		6300		1944		2886		3444		1029		3816		2652		3367		3780		4800		3078		8730		1800		4293		1075		2838		6150		6804		5865		
2448		4212		468		7189		2407		5880		520		5180		2730		2765		2701		7085		2268		5820		4500		2205		5829		3422		3161		1560		3675		5063		2736		2025		6660		1015		1800		3813		9213		7812		
4015		1305		2184		1664		2552		5460		3471		1980		988		1666		4048		5904		1541		2310		6882		2760		1624		1330		7476		25		3744		4424		2928		3744		3162		638		429		2100		3108		2592		
171		2501		3330		3905		8633		950		2294		2542		3654		3610		2360		2560		6715		5824		4118		6150		300		1392		2535		2832		2635		4158		1152		6188		2760		3185		4275		1170		6930		364		
2808		1387		3306		1680		1680		3283		1530		3026		3690		2320		1353		2484		2002		1323		3100		2496		1767		1408		3528		338		2730		2236		1344		1100		2814		902		612		2144		3692		5304		
1600		1566		5520		676		5824		252		6192		1500		4650		2915		3072		1584		3763		3828		1512		4154		1554		945		1980		3135		3564		1122		1890		6324		396		5073		2016		3010		3375		3880		
6399		3381		3384		1352		945		1840		4320		1025		5335		3150		1768		912		6624		1480		1995		2322		2581		5795		1102		2030		738		1170		5332		1520		2193		5332		2016		7268		2300		5460		
341		700		5166		1334		6006		2992		4160		1550		3564		2190		2352		2368		2706		3621		4235		5037		1296		384		5418		1656		3773		3618		600		6552		984		2652		1452		1980		6552		2565		
8648		2173		5904		4608		611		6860		3471		3249		7007		6364		2800		2478		3854		1770		4623		798		6860		3036		2964		5346		1344		1075		5551		102		6831		2924		3520		1925		5915		9752		
3354		1927		7410		784		1100		3150		2511		1521		8428		6960		903		1938		3162		1232		3948		2116		3612		2520		3021		4235		1652		1869		2754		800		2236		1840		5520		6580		3354		2730		
2440		378		5670		954		3648		2024		5688		357		2640		3456		756		2303		5049		2304		3071		4085		3552		1098		1656		2925		1617		625		2279		2000		867		2294		1156		2988		2499		3975		
6188		2268		6603		1008		1248		3038		3465		2910		8722		4018		1344		1185		6768		1976		532		2254		3003		1500		975		2312		986		1140		2250		4459		1178		3286		2412		6020		1258		5700		
3003		3570		3102		3150		1924		1066		6000		2900		3212		5561		3182		4368		2580		1767		1008		3225		2256		2170		1421		2088		3933		3738		1300		5040		855		4464		3906		1792		3827		1000		
5723		1785		4902		1200		1170		2310		2059		2184		2646		5130		736		2397		3240		189		3871		1911		2706		2997		3990		3300		2385		975		5723		2730		1326		2366		1591		3807		3618		5698		
6072		3120		2376		645		2816		1700		6363		1410		4002		7371		1479		1786		2574		1376		1716		3402		3042		1700		1760		6016		928		632		5100		3280		1440		3591		4352		4761		1978		6241		
