70 30 1
0	99	96	87	36	58	56	19	47	62	89	50	76	89	75	82	74	77	11	90	57	52	15	74	54	70	72	28	93	88	90	59	22	50	100	29	50	38	56	90	50	52	83	43	29	100	23	67	66	10	10	80	76	39	48	72	71	28	86	74	85	18	17	79	67	29	29	17	45	96	
96	0	34	72	35	80	81	48	35	27	11	27	99	32	84	22	46	64	26	85	24	99	33	31	19	29	67	73	82	73	78	70	67	15	64	30	39	73	20	79	57	60	63	39	73	23	24	54	88	84	60	77	38	22	58	38	63	57	49	33	43	45	50	53	45	35	17	43	33	71	
71	56	0	75	95	51	95	39	51	57	70	46	65	99	23	70	41	59	57	85	11	34	68	59	93	34	98	32	86	73	51	84	12	24	74	74	49	63	78	100	73	35	78	25	10	55	17	24	92	81	77	49	10	63	57	16	59	45	29	45	67	69	74	59	35	84	43	72	38	10	
19	57	80	0	15	16	24	75	37	14	53	51	57	50	23	36	85	73	62	71	40	15	99	59	10	87	12	44	54	62	77	71	58	13	21	98	27	41	65	65	21	60	96	42	86	98	33	32	48	83	91	32	79	73	51	33	70	20	29	20	59	10	26	64	49	17	72	44	86	21	
98	12	17	54	0	94	32	42	79	55	78	71	72	78	13	30	30	61	69	66	43	30	31	69	25	77	24	14	70	21	96	54	66	93	11	64	75	55	14	50	57	80	15	50	98	52	39	50	77	28	25	43	95	97	33	16	21	57	24	57	19	86	43	48	39	74	62	89	79	86	
73	45	95	65	42	0	51	46	31	17	48	52	36	19	29	82	57	70	88	32	74	33	44	17	51	31	82	54	10	34	70	48	27	97	22	82	96	25	65	15	41	36	56	85	85	76	39	82	67	14	13	23	79	15	57	94	30	28	18	73	74	55	33	74	44	28	31	49	52	88	
98	50	13	57	12	78	0	84	39	31	58	49	46	99	97	87	88	38	23	100	68	52	94	72	84	59	62	24	96	84	24	13	41	20	18	57	12	61	87	57	71	77	73	12	27	71	41	16	22	93	30	44	63	25	12	72	79	74	17	63	94	94	49	56	85	93	64	75	57	54	
24	98	62	34	58	73	70	0	59	65	70	55	62	63	50	23	55	76	12	14	57	39	13	32	19	44	60	64	65	95	80	56	54	69	73	47	54	53	74	58	35	65	35	74	58	95	31	47	64	81	93	72	84	57	30	23	91	32	69	10	95	35	88	35	96	56	21	47	73	49	
19	79	19	50	41	37	78	40	0	15	62	54	28	20	98	88	54	43	83	24	24	15	23	52	44	90	48	47	69	38	15	84	91	93	92	80	25	62	12	83	57	88	35	89	63	45	83	57	95	48	62	78	90	40	27	77	75	90	16	74	89	42	18	24	47	18	71	61	83	89	
80	67	91	89	54	20	44	44	72	0	16	23	53	74	31	45	98	67	71	92	42	88	82	49	16	55	54	51	55	77	94	37	23	20	17	98	47	31	97	85	28	21	27	40	62	50	63	49	43	44	64	49	23	70	100	73	46	87	84	82	44	10	53	68	68	68	82	44	42	45	
40	73	23	36	70	87	38	23	64	10	0	44	57	41	34	36	85	21	67	14	51	44	24	78	70	11	82	61	36	47	39	56	75	86	31	52	43	14	16	28	61	85	48	86	36	26	42	95	63	43	52	67	95	46	14	50	64	78	88	21	19	70	85	62	69	99	11	93	27	98	
57	35	75	63	86	85	70	76	68	41	58	0	39	89	50	93	35	96	20	47	86	97	40	57	58	84	94	70	32	95	64	21	32	90	27	24	86	64	66	86	71	45	89	70	20	10	71	67	51	62	12	41	87	43	70	62	15	77	35	50	26	18	91	100	64	13	72	54	61	91	
49	72	28	53	34	96	32	96	53	21	97	88	0	10	81	14	97	68	62	22	21	85	55	69	55	57	20	92	70	35	45	45	85	32	21	76	68	28	87	12	19	27	42	80	75	70	62	41	24	36	25	30	71	46	90	62	41	49	73	85	82	87	35	34	25	58	16	100	78	21	
24	48	80	29	49	13	94	19	34	53	82	33	29	0	44	28	94	79	66	62	42	92	28	20	81	73	11	78	20	91	69	41	44	29	40	11	93	81	45	76	85	89	21	41	95	42	42	17	62	80	86	54	84	68	49	42	41	35	93	66	77	24	80	32	65	87	38	65	21	44	
22	33	21	28	78	16	51	97	31	27	72	17	87	23	0	83	95	14	15	85	22	82	30	46	64	69	14	99	83	47	12	19	98	88	71	85	31	75	63	30	30	10	50	47	94	12	56	44	88	82	65	40	66	69	68	33	12	99	28	68	60	44	20	50	22	63	59	54	90	17	
42	19	37	86	93	85	98	84	82	86	50	68	73	84	52	0	46	94	52	44	57	30	91	99	22	51	72	35	47	77	12	37	27	84	35	75	47	81	75	62	67	82	10	67	41	52	54	58	38	88	22	46	45	87	15	51	79	36	97	100	100	77	41	82	28	64	59	32	28	62	
56	78	65	100	82	60	23	19	57	32	62	40	71	16	86	89	0	23	77	70	46	63	60	54	65	94	65	33	13	66	41	12	25	65	48	61	76	44	43	44	17	63	48	20	39	72	61	89	58	98	15	53	20	100	60	73	21	53	15	50	93	49	88	100	59	21	87	27	70	69	
98	51	24	22	35	98	64	87	15	94	96	52	35	51	49	88	28	0	79	84	71	75	72	38	25	72	93	25	10	26	26	28	70	71	57	39	52	39	18	89	50	23	69	95	90	70	28	25	11	25	19	42	61	97	32	12	12	90	90	93	59	25	54	84	95	63	59	52	78	40	
25	56	44	85	98	10	37	51	91	86	32	76	86	48	74	46	57	57	0	46	81	34	38	26	78	66	68	39	24	26	51	58	24	94	47	12	25	61	99	22	40	38	42	24	39	44	68	64	13	40	17	59	54	36	32	49	69	39	10	98	19	38	96	41	25	99	20	13	97	81	
30	19	33	49	32	35	59	90	87	71	60	78	92	87	79	31	100	33	44	0	77	100	79	49	68	52	19	26	88	55	94	91	36	67	98	59	85	14	27	98	79	89	12	57	44	98	27	30	64	91	60	17	80	80	74	14	90	16	100	34	55	72	78	95	72	92	25	84	35	53	
92	73	46	25	92	29	59	43	33	83	31	69	40	57	51	65	70	11	84	44	0	98	77	82	79	51	47	32	73	29	70	47	35	41	37	72	96	80	92	11	98	14	47	24	82	11	64	93	20	59	16	60	44	53	45	47	60	95	73	63	11	35	45	77	61	60	34	20	24	42	
83	34	27	47	68	58	16	52	44	18	54	22	29	49	42	100	91	41	49	82	99	0	62	60	23	56	55	76	17	29	25	45	44	34	24	87	32	91	81	97	32	35	60	75	56	54	42	88	47	11	93	97	61	100	46	63	83	47	13	59	21	62	98	72	28	61	85	36	37	98	
99	63	40	57	17	83	72	64	28	28	24	35	27	82	89	81	18	24	32	79	57	45	0	40	64	80	99	96	84	80	72	86	67	79	46	63	48	82	53	72	84	60	36	63	53	91	49	33	52	10	69	18	61	71	70	77	69	99	35	81	10	17	15	94	29	81	33	36	77	36	
53	92	93	91	32	78	72	52	53	28	56	91	85	97	98	93	23	33	46	80	80	80	51	0	67	68	77	85	34	81	26	20	81	100	17	48	86	67	95	49	96	82	44	32	85	13	30	18	88	13	96	85	89	56	78	100	47	29	46	19	42	18	28	45	84	91	97	84	47	84	
75	51	47	63	64	70	99	77	10	66	21	91	71	39	31	51	71	33	23	74	64	72	16	90	0	29	76	81	97	75	77	27	29	11	86	79	29	48	34	71	86	14	66	67	51	19	75	11	47	58	19	68	49	12	32	40	67	44	59	79	17	79	14	26	52	86	40	43	87	81	
35	84	74	91	89	47	26	60	58	41	76	98	31	22	31	82	84	46	88	64	13	78	54	99	42	0	25	89	38	71	23	36	92	12	63	95	85	61	29	12	62	68	24	16	37	62	43	29	13	78	15	35	80	44	37	42	98	66	73	41	24	56	61	73	72	83	51	76	24	39	
11	50	83	94	61	61	62	99	76	20	56	50	53	59	63	23	76	57	41	63	12	92	78	56	47	52	0	73	13	73	25	32	96	77	84	36	40	69	85	48	50	49	15	44	68	57	29	77	72	56	43	55	21	47	84	12	59	20	76	67	60	56	74	56	75	98	74	96	44	67	
26	54	37	72	73	87	54	82	26	50	31	12	58	89	40	51	71	27	64	42	84	48	14	86	22	94	87	0	12	98	35	76	19	85	81	11	82	65	11	59	67	12	38	62	39	69	84	76	77	72	21	78	38	10	19	61	90	29	66	31	89	18	44	64	83	45	68	82	15	99	
63	97	40	88	32	53	24	89	75	13	16	81	26	13	31	72	27	69	41	34	38	12	99	30	70	30	94	15	0	36	69	44	26	77	33	58	12	35	54	95	98	63	90	41	89	10	27	38	30	56	84	30	59	27	26	68	91	55	35	22	42	26	73	17	13	42	32	37	61	44	
41	88	36	93	39	77	70	82	94	56	82	83	37	62	39	19	15	72	27	49	56	39	59	99	65	10	99	57	68	0	27	35	25	50	94	23	46	89	27	78	82	89	85	39	61	64	17	83	19	47	77	39	70	55	56	91	25	51	34	47	51	96	97	53	25	72	56	92	64	46	
77	99	41	44	97	85	19	22	19	81	82	80	44	41	22	32	18	12	21	74	74	18	62	94	63	63	100	62	15	34	0	33	31	83	99	34	22	14	68	62	69	58	41	93	90	17	25	87	53	97	18	64	21	49	20	46	22	70	48	71	33	53	61	81	27	31	24	67	64	54	
18	12	41	81	93	47	94	34	32	47	82	22	63	63	83	71	56	84	69	60	44	78	27	21	60	62	73	65	34	80	20	0	14	21	14	24	82	41	35	86	30	21	56	33	37	35	20	56	23	99	84	92	72	38	30	70	24	28	73	20	17	13	21	26	31	87	88	36	43	53	
28	70	72	13	79	30	11	90	31	75	26	15	89	68	14	61	95	94	90	42	39	59	25	97	24	75	99	24	68	70	95	16	0	27	50	55	21	55	41	44	43	67	76	95	80	10	88	56	48	45	69	58	66	44	53	95	80	79	34	80	18	70	61	92	37	15	22	53	75	10	
78	66	15	65	72	54	100	79	62	80	12	37	52	97	47	24	29	43	85	64	26	62	84	14	52	80	45	49	39	37	92	37	56	0	23	32	95	99	55	91	54	10	35	100	92	12	14	15	92	24	58	95	37	36	43	18	97	50	70	50	63	96	57	55	43	72	59	48	14	83	
19	97	62	72	68	19	84	15	67	57	25	44	77	69	70	20	77	64	94	29	15	62	43	98	25	84	34	92	61	14	53	100	73	20	0	54	10	28	16	47	10	19	98	48	64	93	38	12	83	65	30	46	34	52	28	44	68	99	63	31	49	72	29	34	96	11	42	53	22	72	
30	35	22	61	72	75	75	81	33	46	100	24	27	20	24	85	15	35	66	63	42	96	42	54	23	34	57	62	88	37	96	11	88	30	92	0	96	31	92	20	43	56	11	47	39	35	63	85	94	95	89	19	93	56	87	22	22	67	23	74	67	89	88	33	65	12	58	97	43	94	
60	97	36	76	62	51	27	25	80	60	59	40	12	53	79	98	54	85	81	22	12	43	88	42	76	68	40	41	31	22	83	41	19	92	27	57	0	56	28	26	16	55	99	55	57	42	43	39	35	65	51	100	55	89	94	84	50	13	34	74	23	97	88	65	95	84	93	96	13	44	
25	34	35	36	59	31	10	22	12	19	65	27	23	24	65	59	44	64	51	72	76	37	22	91	19	67	98	64	22	67	21	94	91	12	65	72	13	0	31	83	25	37	16	24	54	83	72	54	22	58	92	49	30	52	32	83	29	36	69	28	30	38	18	43	10	89	88	28	72	55	
33	57	96	19	35	61	28	20	92	87	65	10	85	30	11	87	91	68	68	10	88	31	18	32	88	50	57	64	54	78	10	33	25	89	60	85	98	56	0	66	72	12	34	26	48	100	31	22	48	27	19	41	49	71	51	38	67	45	78	53	48	68	61	16	49	52	64	66	53	98	
31	23	56	49	99	100	48	84	70	58	27	37	81	95	27	12	23	37	76	40	54	99	79	50	12	70	69	25	19	32	80	58	50	58	24	69	64	23	85	0	64	74	28	15	54	44	73	86	47	32	91	31	25	79	94	84	60	59	54	13	58	81	64	93	24	13	75	56	47	15	
11	16	15	20	98	44	31	11	42	48	84	95	38	59	40	91	68	58	43	30	23	93	14	30	65	30	61	26	47	26	67	81	73	13	32	59	85	52	68	97	0	92	40	61	97	97	63	68	12	55	60	78	36	45	55	50	37	94	10	38	78	99	49	18	10	88	51	53	49	41	
71	11	60	38	47	81	55	59	36	60	88	44	40	23	88	99	20	34	11	62	89	66	18	83	92	99	78	28	87	25	100	70	41	80	31	60	59	38	18	60	28	0	94	22	55	19	43	62	78	43	71	20	50	94	60	94	75	70	73	12	81	33	88	22	81	20	51	78	55	10	
56	65	11	35	49	26	95	94	80	49	54	16	17	66	95	13	74	49	56	46	17	34	43	32	43	89	25	53	18	16	96	33	45	27	65	99	27	62	51	25	43	10	0	41	18	52	72	97	30	68	26	92	83	87	32	10	61	51	34	56	50	91	14	43	93	57	67	13	98	15	
42	59	87	50	97	51	88	11	88	87	10	19	42	10	67	69	77	68	33	64	54	13	23	78	54	92	36	89	98	20	62	22	75	50	80	89	76	74	47	84	84	86	57	0	63	50	77	77	34	97	77	72	48	47	86	13	20	91	72	47	36	88	32	73	70	48	11	65	53	39	
21	56	46	48	53	81	40	87	14	10	46	60	65	84	48	42	48	82	19	54	53	53	61	11	17	39	44	31	67	95	27	49	15	65	63	88	90	82	84	14	82	17	23	46	0	17	38	80	65	31	98	60	90	61	79	67	30	30	47	55	19	77	50	94	81	20	80	85	14	97	
84	26	61	21	16	59	34	23	62	99	68	17	93	23	79	89	56	47	97	22	80	82	96	23	60	33	92	80	47	18	51	48	76	68	82	70	66	36	60	99	72	31	78	10	64	0	85	26	29	70	91	65	37	75	39	80	52	21	22	28	84	87	35	81	89	72	81	77	31	80	
61	80	93	99	99	93	84	73	88	48	92	12	67	55	85	34	61	55	80	10	57	36	67	83	15	83	47	59	70	55	42	96	56	39	67	94	96	53	49	58	14	21	74	34	22	79	0	87	51	72	29	40	51	61	83	93	24	62	100	17	45	69	41	49	28	47	84	68	49	14	
35	30	43	37	56	27	40	32	86	82	58	51	45	99	17	25	20	26	34	90	60	78	91	35	91	24	31	77	83	83	85	20	49	94	77	79	29	40	63	62	88	27	72	63	50	100	26	0	61	82	49	34	52	50	48	82	40	24	93	70	22	80	23	39	96	59	44	22	93	44	
76	24	60	99	88	97	27	25	88	45	30	83	93	17	59	33	35	92	82	34	36	14	30	45	94	80	13	30	58	40	64	72	52	53	60	29	80	65	50	92	61	33	36	79	15	82	58	25	0	82	60	82	34	89	90	37	85	51	64	90	90	89	56	92	35	80	80	79	26	97	
42	33	73	79	100	85	64	59	22	55	45	46	29	40	100	99	22	50	84	61	88	95	92	34	39	100	10	18	25	93	13	88	70	75	73	12	100	50	37	18	88	18	17	90	52	37	99	18	55	0	71	76	46	26	95	66	16	98	23	57	80	27	58	95	31	85	16	18	55	62	
14	57	50	50	26	17	65	64	57	44	70	43	58	15	74	57	90	91	92	56	41	20	93	15	59	36	100	28	79	99	37	64	87	31	29	79	95	17	96	93	24	50	69	32	51	86	75	56	34	31	0	71	85	100	96	48	63	53	63	71	19	67	72	37	78	73	88	38	77	35	
35	69	41	67	12	21	54	69	39	36	43	23	62	81	84	67	47	77	33	52	70	56	16	88	53	38	87	59	42	30	47	100	64	66	89	19	15	74	23	46	82	82	26	39	65	90	18	61	15	57	91	0	74	56	17	85	78	51	96	56	44	21	47	92	48	96	14	34	51	21	
20	55	80	25	81	83	57	32	68	28	62	41	10	78	65	56	92	75	88	67	53	21	76	11	11	26	19	57	30	40	17	95	14	54	26	54	42	63	41	55	25	36	99	12	52	88	30	58	39	87	79	41	0	72	59	61	45	39	100	49	32	57	61	75	33	35	67	27	53	95	
25	92	84	92	74	65	62	37	22	61	46	31	96	88	37	68	41	79	100	83	64	100	81	27	71	86	78	53	32	80	97	64	22	15	56	58	96	17	65	94	14	29	83	30	74	46	54	99	43	56	34	46	87	0	25	85	76	56	100	91	74	40	100	27	34	91	33	91	91	26	
19	26	43	46	86	11	76	62	97	91	74	44	65	31	95	79	34	79	19	45	62	43	37	15	21	10	47	43	24	20	49	83	36	72	25	89	57	27	19	38	27	26	14	53	74	21	25	79	80	47	77	28	44	69	0	10	19	36	20	57	44	44	29	100	36	48	31	77	56	11	
16	65	59	51	95	37	92	49	87	26	37	83	84	28	65	48	43	16	30	39	78	40	85	26	75	84	10	73	17	92	91	64	64	49	11	81	51	36	55	68	95	62	81	55	16	43	36	50	91	95	71	12	41	10	60	0	25	80	80	39	41	72	24	53	67	24	35	69	100	52	
97	39	56	55	84	60	87	70	42	73	15	23	50	51	58	64	62	55	38	99	45	64	37	16	47	79	74	77	86	64	66	77	62	33	46	23	96	62	48	33	82	84	28	46	33	17	54	12	100	84	59	20	77	21	56	43	0	92	83	44	44	26	28	98	94	75	99	75	53	57	
60	60	69	16	23	18	90	86	100	69	57	43	81	73	18	81	29	87	32	95	24	10	96	59	95	26	73	84	13	19	76	22	49	12	17	53	96	66	82	17	99	99	44	39	92	82	100	14	60	90	30	24	47	35	100	51	14	0	30	37	89	23	82	33	23	47	54	21	96	29	
46	46	44	36	45	77	54	82	64	34	26	76	83	54	80	20	45	18	43	23	22	22	95	87	66	47	94	80	17	59	79	58	66	75	21	85	61	25	40	63	30	30	31	24	82	68	70	69	79	81	28	75	15	27	31	69	55	16	0	14	49	82	92	56	92	35	100	19	52	21	
82	30	13	64	36	54	78	22	77	69	74	59	54	31	56	55	49	60	38	17	17	44	65	23	85	14	28	39	71	91	43	79	20	40	17	36	73	96	43	23	17	65	94	35	18	41	37	53	16	15	99	94	72	98	73	77	30	55	48	0	62	85	65	33	41	56	45	30	29	39	
75	13	19	25	76	54	51	18	89	53	12	57	93	83	45	27	59	34	61	67	58	95	75	23	60	65	51	94	34	43	74	15	32	64	74	89	83	43	72	87	18	98	99	46	69	41	15	52	97	51	22	68	49	12	51	70	40	39	44	68	0	69	62	71	45	44	59	91	14	95	
43	85	89	47	39	85	14	84	14	88	45	29	81	88	50	21	46	20	38	39	35	48	86	61	12	72	17	75	37	49	100	53	19	91	63	50	83	22	88	36	59	29	71	88	93	10	85	86	17	83	53	100	26	68	89	56	17	50	87	40	77	0	88	10	15	35	76	72	83	26	
60	74	22	48	63	97	32	75	78	74	21	71	98	65	78	17	81	22	16	41	71	69	31	25	50	91	79	63	29	56	74	10	41	68	12	13	81	86	76	63	28	67	57	18	60	33	20	82	89	15	38	55	28	13	69	15	35	39	84	27	80	61	0	39	68	37	19	54	53	53	
84	81	98	100	52	60	15	88	10	29	61	57	73	17	20	40	49	33	42	49	95	76	11	48	86	100	11	97	24	45	23	48	72	30	75	78	38	42	98	69	15	97	70	10	62	40	28	21	97	59	88	40	52	88	90	29	48	96	14	86	56	77	81	0	32	63	24	89	99	17	
30	61	40	40	57	73	56	42	79	30	25	31	66	93	84	25	90	95	75	27	76	65	57	17	97	73	17	38	54	78	89	55	74	57	56	19	42	12	95	70	84	88	87	88	63	95	72	56	61	85	72	98	53	31	11	55	26	55	24	77	47	42	33	94	0	68	95	43	62	56	
84	100	59	96	19	69	33	30	15	68	84	50	96	91	54	38	77	85	61	91	64	47	28	30	45	47	89	62	80	59	68	53	57	15	77	81	45	13	59	85	88	89	62	43	25	84	66	69	76	50	28	18	75	84	80	55	33	68	38	89	65	93	17	41	71	0	73	25	89	93	
99	36	94	65	17	54	14	30	50	85	97	60	35	94	28	22	29	66	90	80	66	39	46	88	16	18	77	23	62	95	13	16	41	14	59	65	94	19	94	83	94	46	75	15	15	52	13	54	43	95	98	39	66	82	67	57	98	69	30	64	27	89	29	55	22	60	0	47	31	67	
32	19	67	55	31	89	48	95	57	16	70	58	82	36	88	32	63	35	45	21	38	29	54	91	24	24	97	95	54	74	21	97	74	89	37	57	17	92	59	34	93	65	35	29	67	79	69	65	48	60	30	18	90	99	80	60	44	21	29	50	72	22	75	88	76	29	68	0	67	98	
40	23	50	68	45	34	47	41	88	68	100	66	89	38	12	10	80	12	39	84	94	11	51	26	96	88	40	59	38	34	85	94	49	46	46	55	52	50	55	24	89	71	31	96	44	47	27	36	30	90	73	86	82	10	57	44	35	93	99	40	24	55	76	67	67	20	84	59	0	11	
26	22	30	79	55	61	59	68	96	85	56	32	17	26	27	45	90	13	87	85	78	11	17	54	16	75	38	91	23	93	29	22	84	52	10	88	39	99	86	80	30	62	79	60	85	19	66	35	36	47	18	100	80	42	64	43	52	53	81	27	66	30	66	44	13	59	64	52	79	0	
26	39	71	55	88	39	71	40	39	35	58	81	77	62	59	80	9	22	66	56	85	63	13	89	30	62	42	27	77	17	
39	26	55	26	50	31	64	16	47	41	24	57	45	23	45	41	46	16	55	30	56	32	39	50	23	30	25	29	57	54	
71	55	26	78	80	85	18	70	40	40	72	108	31	57	100	59	71	60	109	25	103	81	61	71	75	32	32	44	110	87	
55	26	78	26	39	23	89	15	73	66	9	31	60	26	24	42	63	35	33	53	31	8	60	45	26	48	51	54	32	65	
88	50	80	39	26	62	96	50	93	87	32	46	50	28	58	21	96	66	64	59	34	32	90	12	63	48	66	78	52	101	
39	31	85	23	62	26	92	16	68	62	30	42	74	44	21	62	48	28	29	61	48	30	48	67	11	60	54	49	39	46	
71	64	18	89	96	92	26	79	33	36	84	120	49	72	109	76	68	65	118	38	116	94	58	88	81	48	38	45	121	85	
40	16	70	15	50	16	79	26	60	53	18	44	58	29	30	48	48	20	39	46	46	23	45	54	13	44	41	41	44	51	
39	47	40	73	93	68	33	60	26	7	71	104	60	65	88	77	35	41	97	39	104	80	26	89	57	49	27	19	103	52	
35	41	40	66	87	62	36	53	7	26	64	97	56	59	81	72	32	34	90	34	97	73	22	83	51	45	22	12	96	49	
58	24	72	9	32	30	84	18	71	64	26	36	52	17	33	33	66	36	42	47	33	10	61	37	31	41	47	53	38	70	
81	57	108	31	46	42	120	44	104	97	36	26	85	51	24	60	90	65	23	83	13	26	89	57	51	76	82	85	7	87	
77	45	31	60	50	74	49	58	60	56	52	85	26	35	84	29	80	58	93	22	78	61	70	40	68	15	36	53	89	93	
62	23	57	26	28	44	72	29	65	59	17	51	35	26	50	19	69	40	59	34	45	26	62	27	41	25	38	49	55	77	
59	45	100	24	58	21	109	30	88	81	33	24	84	50	26	65	68	47	9	75	34	26	69	66	31	72	71	69	19	64	
80	41	59	42	21	62	76	48	77	72	33	60	29	19	65	26	86	57	73	40	51	39	78	12	60	29	50	64	65	95	
9	46	71	63	96	48	68	48	35	32	66	90	80	69	68	86	26	30	76	59	94	71	10	96	39	66	44	28	87	17	
22	16	60	35	66	28	65	20	41	34	36	65	58	40	47	57	30	26	56	39	67	43	25	67	17	43	28	22	63	37	
66	55	109	33	64	29	118	39	97	90	42	23	93	59	9	73	76	56	26	85	35	34	77	73	39	81	80	78	17	70	
56	30	25	53	59	61	38	46	39	34	47	83	22	34	75	40	59	39	85	26	78	57	49	52	52	11	14	31	85	72	
85	56	103	31	34	48	116	46	104	97	33	13	78	45	34	51	94	67	35	78	26	24	91	46	55	71	80	85	20	94	
63	32	81	8	32	30	94	23	80	73	10	26	61	26	26	39	71	43	34	57	24	26	68	40	34	50	57	61	29	73	
13	39	61	60	90	48	58	45	26	22	61	89	70	62	69	78	10	25	77	49	91	68	26	89	38	57	34	17	86	27	
89	50	71	45	12	67	88	54	89	83	37	57	40	27	66	12	96	67	73	52	46	40	89	26	67	41	62	75	63	103	
30	23	75	26	63	11	81	13	57	51	31	51	68	41	31	60	39	17	39	52	55	34	38	67	26	53	44	39	48	40	
62	30	32	48	48	60	48	44	49	45	41	76	15	25	72	29	66	43	81	11	71	50	57	41	53	26	23	40	79	79	
42	25	32	51	66	54	38	41	27	22	47	82	36	38	71	50	44	28	80	14	80	57	34	62	44	23	26	17	83	59	
27	29	44	54	78	49	45	41	19	12	53	85	53	49	69	64	28	22	78	31	85	61	17	75	39	40	17	26	84	43	
77	57	110	32	52	39	121	44	103	96	38	7	89	55	19	65	87	63	17	85	20	29	86	63	48	79	83	84	26	83	
17	54	87	65	101	46	85	51	52	49	70	87	93	77	64	95	17	37	70	72	94	73	27	103	40	79	59	43	83	26	
1408		260		1100		2139		1620		2496		858		896		2444		2025		1026		3510		3612		1638		2835		2736		1734		1782		1566		1320		5044		1218		630		1800		2184		2016		1792		2584		4785		3245		
1566		3431		8835		3648		3612		500		6014		1443		6664		868		864		896		3367		4026		1160		3400		1147		2170		4048		5328		1728		1155		1890		6552		1925		7238		2205		3016		4071		1612		
2928		1269		720		2655		460		5301		1275		2501		4950		1426		2886		7081		323		1100		1088		1053		715		1517		7315		507		4958		611		1120		429		2350		228		2160		2280		7125		3234		
893		2090		1092		2240		2626		2537		4272		5049		5415		4346		1311		5780		4465		2387		1586		2945		1738		2457		6270		1650		2668		1872		2108		1872		570		4617		5456		2961		6400		310		
1794		3382		3504		4588		8352		1540		3195		3408		224		459		4588		6624		6100		2006		1875		1241		2001		1484		3696		2223		8272		6650		221		1344		3036		3504		550		882		1729		1760		
3672		2592		2088		3185		4368		1824		1927		672		3680		735		3913		6873		1518		2370		3528		950		5358		2664		4131		72		1650		4982		4464		3150		833		140		994		930		7533		1775		
6804		3588		6205		2744		308		3060		7200		2394		1380		2150		2208		3136		4872		1288		3300		2580		5251		1800		850		2294		1008		1197		4845		1625		1134		795		858		2250		3382		1116		
608		2255		7905		1462		2701		504		8415		756		1512		1452		1260		3216		6715		3976		984		3700		3008		612		609		2840		3920		2009		2400		4661		864		3266		4960		4895		645		1360		
488		1886		1332		4284		4992		2397		6958		864		646		980		5808		7480		3526		3795		4623		4002		114		540		4144		3233		6510		6177		598		5184		3192		4080		4324		3000		3400		882		
4096		1419		3744		954		1222		1690		3424		2436		5963		3198		884		384		1386		2752		715		4872		7252		1225		867		781		1403		986		1314		5320		525		5412		5451		3990		476		2130		
5920		3286		522		2838		4895		8372		630		924		2886		1480		1280		8584		1189		5808		10700		2139		2232		5395		6786		1155		1232		2700		5952		3440		7371		3895		3700		3102		8142		8544		
840		2400		2945		342		1512		816		1144		2350		3486		1771		1484		325		7031		4365		370		3904		5720		3354		810		910		1716		462		5200		4898		837		4554		2340		5248		1911		806		
4459		2210		6480		440		4606		1365		2790		564		6532		3712		384		3168		650		800		640		2401		2552		1440		1131		605		936		630		1008		2226		418		3068		5148		3588		3104		5428		
4480		4028		2592		2432		1755		2496		1989		1710		2350		8800		2173		2444		5888		1218		496		3869		2774		4860		210		8134		518		476		6512		2368		1776		5760		6552		6004		1482		3216		
8099		2340		1890		882		976		840		5394		3249		8544		2100		3080		4331		2964		1566		2100		1032		1372		2760		5544		780		4400		704		5040		380		5390		2911		992		4332		5293		6678		
3225		828		2432		2205		2331		2704		3920		3354		2670		2125		4400		4560		1224		3564		3726		3525		2300		1876		6084		273		1232		2754		540		3186		3182		672		144		855		7857		4020		
2419		224		4725		1224		3196		1128		1512		408		3960		2016		187		3038		3350		1725		1443		2091		3038		1064		2820		3496		2499		1025		1848		1323		1615		2016		2992		2072		3381		2035		
4266		2091		1752		2015		171		1696		6319		2501		6048		1014		805		3696		1125		1140		2860		663		1376		3528		1180		1836		2482		2158		5760		1275		1998		3075		2565		2108		4655		7636		
5676		1598		3819		4180		225		6600		3108		1456		5865		3871		2556		2773		2988		384		5874		512		2418		3392		3478		3648		3456		3360		3230		372		2600		1369		580		1278		5696		9090		
2556		260		5141		900		5076		2720		2379		900		1540		2553		2052		2318		2970		675		3648		3564		4032		585		2052		2059		5160		2052		2940		4698		1449		1922		1196		1000		3843		3468		
1140		2200		2485		4268		4800		4895		4900		1677		1128		2940		407		2847		1920		460		5628		2160		5332		2394		5236		946		6664		4653		4680		2646		3168		330		640		1728		3225		5698		
1500		4465		540		1296		4898		3344		510		5922		899		2772		6432		3090		2196		990		2139		1980		3186		1350		8670		756		7227		6930		3871		5760		858		1457		1232		2178		4784		760		
3036		2160		6972		944		2530		364		1380		252		3834		5696		800		3276		4544		2640		680		1938		1749		2910		1456		4320		1974		299		2597		2135		1260		5162		4266		5200		1530		4732		
1224		1680		4940		4356		4186		1140		2832		3417		840		1140		3315		8360		726		1890		6391		3978		1260		837		8330		1980		970		2482		264		6141		2576		2544		750		336		6674		962		
1763		3780		7505		891		1008		324		5757		1260		4725		6486		1176		1080		1634		1120		546		962		3950		1116		2470		5184		4968		1880		5088		4758		1440		3240		896		3819		1280		645		
2688		1363		6660		840		2250		1080		1131		750		4712		2208		294		2275		1683		1411		1764		1595		3024		3784		1100		3479		609		270		3886		806		925		3612		765		3654		1900		1444		
3465		3600		4539		1219		1440		1118		1133		1258		6624		5590		1050		1232		5850		2080		2730		456		4128		4674		3600		5135		689		490		4592		595		4608		570		5916		5328		1680		8272		
1953		4158		1792		1925		2500		6916		6314		2257		4611		3608		3036		4620		1320		2592		3003		1162		5544		2627		3444		4116		2537		4947		2184		1261		5402		3230		1920		5700		6525		6480		
180		1860		3953		3818		3713		2624		5032		2139		3393		1394		1862		1898		2760		4717		3710		1065		816		882		3233		3430		7238		2862		256		4320		1702		2805		432		792		4047		2088		
2178		1566		603		4266		3400		3237		726		4620		608		2673		6142		3960		3627		4819		3100		4810		5460		2850		3379		2403		1484		1092		2214		1232		2336		2405		2400		1287		9990		4698		
7372		4256		112		2262		7296		8428		2425		5976		2585		920		5254		6741		2484		840		1010		3355		4312		5796		10340		2366		1919		1053		5808		5762		7566		1770		385		490		10355		1380		
3822		2448		1300		1400		3528		1476		1064		5082		4510		2080		5456		7566		520		3634		9118		1176		1520		5890		6901		1357		3510		2520		2590		2650		5772		1452		3132		2548		5400		1425		
5580		1457		9282		494		3840		1470		8214		1280		5073		3608		2695		1375		4644		2756		194		1005		2277		2112		704		7161		700		1148		4480		2516		416		1628		4680		6580		1349		6272		
2900		2952		1246		1254		3358		4473		432		2052		2910		1218		6000		6336		2910		3216		4785		4050		5278		828		2400		1162		7360		5390		3648		924		5185		2450		918		1488		3822		962		
2112		2128		1785		2898		8000		1197		2464		1980		3245		1007		864		3286		5248		4408		3159		1232		589		1800		1620		3008		2484		900		770		2075		833		5829		2968		2494		1334		2000		
4898		1720		4455		5096		2196		2208		3150		2862		2070		2176		2623		1258		364		260		6232		1536		1260		4350		3995		2340		5742		3366		2250		286		6435		1940		2537		3540		2923		3800		
3630		2538		5394		2088		575		1104		3212		3300		5236		4340		1840		4264		891		308		3498		1050		4015		968		4148		1050		4095		2520		5874		345		2880		2054		820		1749		5376		5184		
1080		368		4704		1768		5600		2916		3472		1495		3760		2376		1364		3770		3864		2744		2756		2860		588		1065		2294		750		1536		2120		2720		1980		1944		336		216		2200		2860		1352		
731		2976		4806		702		6642		2340		3024		2925		1152		1007		1512		3071		3286		4752		3445		3220		1512		1121		1314		1600		2295		5795		369		1680		714		2688		442		610		3854		2904		
4526		3822		3192		437		2024		738		9603		2607		1914		4720		1552		2268		3127		988		2065		3060		2835		3744		1394		3127		1273		990		5159		2080		1188		3380		3348		3726		2108		6552		
5712		1200		3960		1650		1581		4316		3990		3555		7469		2610		810		551		5481		2937		1672		1365		8742		2048		2064		2881		1496		1364		4664		696		2632		1392		2698		6241		504		7968		
1771		1870		6392		3416		3168		3400		2256		2695		2294		5162		5628		3280		5044		6764		5488		6270		2511		1755		5612		1848		8008		6348		2952		9888		1836		1230		5376		2950		3675		979		
1943		546		2058		5782		5684		5460		2318		4158		4512		1548		2288		7832		1144		1961		4233		912		5727		2450		4876		319		5658		2046		4956		1000		2666		858		1050		4158		5760		2905		
6006		2400		1107		2408		2340		3712		1254		3066		4617		2392		420		3080		672		864		1876		560		6958		855		5244		440		819		4224		4340		3040		2491		180		868		874		2409		3034		
1710		440		650		280		1656		999		4819		945		1421		2856		667		885		2183		1602		2800		1904		4316		2024		944		625		4592		3135		3036		748		2970		667		552		1600		5100		1220		
3536		6435		5100		5394		1820		4872		2697		1750		7227		3895		4428		3456		2640		2604		7968		1632		1210		902		5874		4209		1860		3534		8858		1360		5644		2700		1898		4752		6630		9044		
3036		2006		837		2340		3330		1586		2263		4753		1040		528		4928		9100		560		3008		4503		3762		900		1330		3960		792		3649		4818		2176		4623		4284		580		711		952		8924		2880		
2320		3916		3444		1760		2240		5832		3127		4424		2613		2394		1426		1170		100		435		5609		620		7392		1593		5104		1276		6510		3245		4350		2730		2278		1881		3528		1450		4399		3072		
3132		550		2920		405		1073		1125		7308		658		2208		5985		415		1404		935		609		1624		874		5642		2046		2394		2256		3400		880		3886		3948		1950		645		2068		3621		1443		6500		
4620		945		3038		2565		1615		2178		4661		3825		6885		4028		504		5551		2368		1702		3196		64		4590		682		750		792		3315		779		2573		432		2112		2640		3132		6052		3350		3069		
4350		1200		2838		2205		4370		495		2145		1624		2444		3280		609		3315		2639		1602		5278		1891		4400		1073		5896		954		2684		2808		1551		1218		2280		1095		1860		2211		1742		4026		
1314		2052		158		6480		7695		1392		238		1440		3444		1640		4070		5170		1419		4800		9078		1403		803		2294		5376		1215		2625		4200		5828		4896		2156		1122		2584		1610		4144		3471		
6636		2070		4029		3060		135		1425		9120		630		6480		7476		1593		2604		1450		2450		4664		1176		5551		2108		1416		1710		1581		648		2064		1035		5452		3102		5481		6586		3648		3783		
1159		4131		6210		4602		4365		2808		6660		3572		3886		2376		4290		2000		7998		1110		3752		4048		690		2808		2928		876		4698		5644		2016		6300		1632		1482		3960		1426		7500		342		
2176		3680		1078		4560		3712		2201		3432		1485		1920		1395		2912		1496		984		2442		2656		3182		3710		663		2760		588		7380		5146		840		3136		6174		156		1482		2838		7553		1955		
6600		5456		1474		4526		348		7719		7565		2244		7905		7304		583		6075		1620		2691		2436		819		2438		1560		2184		3456		4480		2508		8536		1782		3483		430		2112		5740		6480		4715		
1564		3996		444		7110		1245		5376		364		4830		2555		2625		1752		6322		1980		5760		3400		1386		5695		2958		1635		1352		2310		4399		2166		900		6512		525		1560		3772		8769		7728		
3740		986		2106		936		1914		5340		3354		1485		456		1326		3956		5494		1380		2112		6734		2520		754		836		7308		10		2964		4144		2544		3484		2754		539		260		1890		2016		1656		
144		2173		2516		3575		8544		380		1332		2214		3528		3572		1652		1440		6478		5696		3770		5740		170		1176		1755		2242		1445		3717		1072		5551		2730		2535		4230		810		6776		168		
2340		1292		3192		1200		1104		2989		867		2958		3510		1960		990		1656		1898		1176		2480		2336		1026		1056		2736		143		2015		1849		672		440		2562		869		378		1920		2982		5032		
1280		1323		5040		286		5696		161		5762		1500		4340		2420		3040		912		3124		3696		1269		3720		1008		714		1656		2622		3186		680		1428		6256		396		4902		1440		2752		3150		3880		
6075		3087		2162		1092		594		1288		3024		410		4462		1980		1612		722		6555		1036		1715		1935		1335		5673		570		1050		702		1044		4730		1064		1581		5208		936		7110		2275		4732		
187		280		4914		690		5616		2924		3705		1240		3528		2040		1824		1406		1914		3315		4015		4692		1188		228		5229		1104		2926		3240		420		6318		696		2193		1089		1980		6408		2538		
8556		1537		5688		4560		468		6790		2403		2793		6552		5934		2560		1770		3813		1530		4209		686		6272		2208		2052		5292		672		473		4823		63		6762		2623		2944		770		5785		9540		
2418		1476		7332		392		1100		2800		1209		1053		8428		6800		672		1596		2754		1034		3807		2070		2580		1904		2597		4015		1400		1827		1620		560		1664		1288		5400		6440		3139		1456		
2120		270		5544		792		3408		1955		5400		287		2090		3168		540		1764		4998		2280		2923		4042		3312		954		1058		2730		980		250		1892		1400		697		1998		714		2844		2009		3710		
6052		1890		6045		896		702		3007		2100		2910		8633		3198		1197		1125		6696		1596		266		1764		2079		800		675		1428		850		1128		1200		4361		646		2728		1541		5880		1173		5244		
2808		3444		1786		3080		888		1027		5200		2871		2409		5360		2924		4272		1376		1026		720		2325		1739		1890		1131		1080		3534		3654		600		4480		646		3888		3402		1064		3698		400		
5664		1722		4731		960		810		1932		1065		2080		1890		4959		560		1836		3168		168		3675		1869		1980		2849		3648		3300		1935		650		5723		2670		819		2314		1147		3619		3240		5328		
5934		2960		1144		465		2720		1360		5656		1080		3045		7209		1428		1767		1782		992		1534		3234		2106		1050		1472		5952		800		592		4650		3116		920		3135		3904		4347		1909		5846		
