88 37 1
0	78	73	32	42	69	69	21	84	71	83	10	9	77	63	22	22	9	39	96	95	39	27	70	29	78	79	43	29	20	2	20	99	25	82	14	40	61	18	83	16	99	26	24	11	22	64	70	80	70	76	67	64	6	60	23	32	70	12	77	53	56	59	33	71	15	17	49	87	82	56	74	32	14	53	32	59	52	44	26	38	40	45	48	39	28	8	37	
26	0	68	52	73	73	95	47	95	33	47	52	67	41	61	99	16	68	35	55	53	83	2	28	65	55	92	27	98	25	85	70	46	82	3	17	71	71	44	59	76	100	70	28	76	18	1	50	8	17	91	79	75	44	1	59	52	7	55	39	22	39	63	66	71	54	29	82	38	69	32	1	11	53	78	23	6	8	17	73	30	6	48	46	52	45	16	29	
84	70	0	69	34	6	99	55	1	86	3	38	49	58	74	68	54	4	13	98	19	36	62	61	13	56	96	36	84	98	26	26	43	82	90	25	77	70	46	27	67	12	21	12	55	1	18	60	44	9	69	38	84	13	98	3	9	50	77	94	26	36	77	50	75	68	69	76	4	24	23	57	66	62	38	23	24	66	17	75	16	5	67	13	95	49	63	92	
2	60	73	0	6	45	52	78	7	45	98	47	33	45	75	21	18	38	94	97	26	8	13	53	17	52	11	85	37	43	33	72	58	88	76	84	70	39	94	61	37	54	46	41	25	9	43	48	29	11	22	81	53	67	87	25	72	27	39	9	46	24	80	50	1	27	67	43	19	97	14	80	95	18	61	7	35	30	51	83	84	73	33	81	64	5	5	16	
77	7	52	93	0	21	9	70	71	50	27	72	38	21	24	44	47	87	98	45	4	53	4	76	60	83	33	24	54	44	41	99	97	86	87	32	15	100	64	47	94	70	82	55	58	16	95	83	16	5	35	12	10	52	3	57	86	52	68	74	70	3	20	68	35	7	15	93	23	39	59	17	3	70	77	72	8	59	93	93	44	51	84	92	61	73	52	50	
17	98	58	28	54	0	67	10	55	62	67	50	58	59	45	16	51	74	4	6	53	33	4	25	11	39	56	60	62	94	78	52	49	66	70	41	49	48	72	54	28	61	29	71	54	94	24	42	60	79	93	69	83	53	24	15	90	26	66	1	94	28	86	28	96	51	13	42	71	44	11	77	10	45	35	30	76	34	34	6	58	49	21	12	98	87	50	37	
81	17	16	6	15	47	0	89	43	42	66	31	7	82	90	92	91	78	18	58	4	81	53	87	28	87	59	39	82	53	94	43	58	75	89	34	19	75	72	88	8	72	88	36	9	17	42	10	68	57	82	88	77	64	90	88	49	12	38	39	69	13	8	15	48	71	24	40	98	63	69	91	37	86	80	43	8	50	49	46	50	75	94	31	15	12	9	98	
41	24	97	84	20	13	20	0	58	45	59	44	37	39	61	43	15	68	100	70	41	85	82	80	38	1	48	64	65	65	80	38	36	39	34	70	15	30	67	86	32	15	61	1	93	39	52	35	27	30	84	13	64	5	46	38	16	76	67	2	80	57	29	42	33	52	72	85	24	47	38	6	8	21	57	84	43	84	30	19	36	94	59	37	47	63	95	41	
6	45	60	75	87	14	11	67	0	59	66	99	2	93	20	97	53	28	72	60	84	84	66	74	65	35	54	67	33	87	45	92	28	96	12	42	84	97	34	53	54	82	93	67	25	95	60	13	25	89	20	17	84	61	63	84	68	40	88	67	12	1	68	63	46	58	4	36	86	38	67	58	6	75	28	45	18	10	90	100	60	4	70	49	57	90	44	69	
21	49	28	95	25	96	48	13	97	0	22	1	79	6	97	65	58	14	13	83	51	66	51	53	12	91	67	28	39	40	84	25	13	73	65	21	85	3	11	19	37	78	72	67	59	36	16	30	17	23	68	41	89	58	35	44	70	84	80	85	29	27	17	54	8	100	76	13	17	43	78	22	44	4	93	11	27	49	80	26	22	29	39	21	93	77	62	58	
36	91	20	12	80	70	2	75	12	90	0	35	39	22	34	2	92	79	40	73	84	88	13	35	95	37	36	9	58	78	85	50	82	65	44	36	35	29	92	63	75	16	78	26	62	86	32	61	13	38	14	27	13	21	76	8	46	97	24	20	69	9	86	16	13	81	95	5	7	83	15	81	23	40	60	66	6	99	82	42	4	11	98	87	68	84	24	72	
59	23	23	1	45	41	94	3	52	38	86	0	61	34	63	66	65	26	3	99	21	65	57	38	13	45	14	59	55	49	89	9	37	11	30	85	92	83	98	82	80	84	45	65	70	82	47	20	41	94	47	38	52	23	90	99	14	46	69	28	41	74	4	31	20	82	28	72	41	79	73	58	64	80	1	63	35	48	50	53	32	86	14	40	39	85	6	46	
77	30	97	100	100	75	35	80	20	61	55	26	0	58	52	75	61	99	80	56	15	11	53	25	58	34	68	7	85	88	34	15	75	67	41	59	56	50	62	93	62	26	4	63	35	3	18	62	43	57	74	38	37	38	9	59	42	12	33	69	57	88	54	98	7	48	12	100	55	70	13	48	6	45	92	44	86	100	55	13	85	20	67	66	98	46	16	14	
29	98	60	86	7	93	95	47	29	47	44	87	20	0	76	82	68	73	69	32	17	69	93	17	1	18	18	20	67	68	52	33	47	33	10	88	45	15	66	95	89	67	21	18	2	17	11	37	57	97	25	3	4	89	89	92	55	18	49	82	94	59	55	48	76	34	18	52	39	83	97	1	31	46	90	85	26	74	84	43	71	41	53	53	10	41	79	27	
31	19	76	63	65	33	16	19	46	54	17	93	41	4	0	57	99	15	34	31	36	17	33	38	65	61	4	34	8	55	50	29	26	44	66	33	1	98	11	32	96	35	17	99	12	5	97	79	23	11	26	44	25	29	55	89	86	68	56	76	91	86	76	24	100	27	38	30	75	100	77	43	65	47	11	19	87	51	94	90	30	63	98	55	84	6	19	98	
77	87	4	52	38	97	20	23	60	90	55	9	78	78	71	0	89	8	100	27	50	69	75	95	69	92	18	82	29	49	92	71	40	17	91	22	55	38	27	81	24	66	34	53	46	61	67	3	82	38	55	97	75	80	76	46	41	25	71	22	67	41	28	35	31	69	96	78	91	3	98	6	41	17	80	2	61	93	11	55	8	56	39	49	40	41	56	95	
70	59	2	29	39	75	57	56	27	12	17	36	81	27	20	42	0	53	8	47	38	10	50	14	22	44	36	100	90	35	44	81	99	31	58	56	15	51	50	73	9	22	18	39	38	27	17	86	25	90	80	97	26	29	55	72	52	49	36	86	42	3	92	96	57	100	41	59	81	41	5	55	14	58	97	69	21	57	84	30	31	98	99	59	34	53	9	81	
69	60	21	21	17	29	20	80	88	79	10	17	25	77	52	40	87	0	60	79	99	96	83	78	69	85	63	77	40	59	43	81	48	70	82	56	30	59	48	90	43	26	47	1	66	10	57	68	67	75	66	99	28	79	1	9	6	93	22	79	26	29	74	30	48	91	93	90	26	76	69	47	48	21	51	90	84	96	98	92	15	27	40	78	78	78	46	42	
64	65	75	83	28	79	19	12	79	100	8	43	85	64	95	44	95	80	0	25	83	5	23	10	87	5	96	83	87	52	76	100	42	22	41	11	37	10	21	39	83	90	97	82	42	82	73	46	42	60	61	67	99	74	1	63	14	90	68	33	24	46	69	26	15	71	60	70	8	88	21	22	74	79	96	72	75	20	22	3	84	77	22	43	28	68	84	6	
63	64	46	11	73	2	42	54	11	65	44	3	25	33	64	38	55	77	8	0	5	19	48	84	34	37	86	79	28	82	71	90	88	42	19	56	54	36	73	98	24	15	24	81	83	41	87	61	4	76	49	98	36	73	17	88	32	68	16	29	91	3	60	95	83	57	22	4	59	65	16	7	31	58	37	22	4	76	7	28	78	38	31	36	97	63	70	35	
16	52	57	70	69	81	46	74	17	33	2	45	81	94	57	57	58	99	73	12	0	45	48	55	59	15	73	53	35	59	4	91	76	51	41	47	17	70	4	70	18	26	95	75	83	29	34	66	84	43	45	44	6	39	65	52	21	74	69	52	37	51	13	42	82	3	55	12	74	64	55	52	71	52	73	98	71	95	39	64	19	49	31	69	71	85	50	81	
18	45	24	3	53	88	34	46	68	19	60	36	83	43	6	85	14	93	86	83	3	0	28	74	10	83	79	2	80	61	2	55	63	3	32	58	33	66	82	74	74	69	13	76	32	1	11	57	89	22	62	25	88	9	38	60	81	39	65	80	7	99	60	97	34	87	26	48	16	88	72	4	8	80	19	5	24	69	20	66	35	28	32	3	99	23	67	23	
93	7	79	29	66	39	19	75	26	54	3	29	49	94	97	59	89	35	87	1	20	32	0	52	82	23	55	20	19	65	90	50	28	14	36	19	70	9	5	37	25	30	58	39	36	87	29	92	33	75	67	80	94	52	80	81	31	58	33	11	6	70	20	44	52	33	55	99	62	1	99	53	65	63	20	29	18	45	93	15	40	88	20	76	81	87	83	33	
58	61	9	81	11	42	75	33	66	51	51	90	18	46	27	41	46	96	96	49	18	69	52	0	60	41	75	99	35	39	97	83	10	14	11	79	80	79	39	36	14	25	10	3	13	71	72	9	58	94	59	59	100	58	7	28	38	26	24	82	99	28	14	5	65	58	66	54	36	92	88	8	18	86	49	96	10	60	13	44	13	40	14	67	43	68	26	48	
57	79	19	24	16	64	61	49	10	4	35	79	92	42	94	27	25	41	81	15	59	60	82	69	0	83	66	56	39	76	20	13	56	58	71	61	27	78	12	39	6	13	5	17	80	35	29	85	23	14	51	27	30	29	12	52	15	99	83	91	69	31	23	67	17	20	70	12	9	4	13	19	24	85	86	30	37	48	21	67	69	5	77	23	2	89	24	72	
19	7	88	65	6	58	94	94	89	36	33	55	18	97	17	72	99	17	65	67	94	8	78	20	45	0	14	50	35	39	37	63	73	94	78	1	87	51	43	40	66	54	63	39	48	94	77	77	27	78	9	67	57	91	31	6	15	48	72	1	76	63	7	62	70	50	100	77	59	78	3	31	47	97	42	16	22	37	84	60	19	58	82	6	47	78	40	44	
33	30	92	31	52	62	16	26	95	99	51	91	50	1	28	100	91	3	5	6	91	16	54	94	31	30	0	10	97	45	66	45	59	95	52	51	38	69	54	42	5	81	11	96	59	69	65	11	82	7	64	53	17	38	75	66	68	12	74	60	94	22	7	58	37	97	18	82	27	91	57	5	49	100	70	12	82	49	1	20	8	42	1	11	98	43	60	92	
32	4	81	62	23	41	27	47	21	38	65	99	59	25	43	70	22	27	96	3	36	48	14	69	23	28	14	0	69	72	72	79	26	40	100	16	20	12	16	84	7	28	62	59	36	96	36	50	15	27	53	58	87	31	96	2	87	23	91	26	96	25	91	12	37	52	2	42	33	29	59	83	94	94	88	11	92	52	86	14	14	64	15	71	63	88	87	27	
62	3	53	96	37	94	55	97	30	73	58	46	19	18	78	56	55	34	3	49	77	98	49	84	79	14	3	37	0	37	74	65	34	35	24	14	82	35	11	91	20	53	24	52	21	19	7	51	99	51	53	36	37	33	28	62	46	100	50	88	94	83	45	4	28	71	16	96	87	62	94	82	92	95	4	39	18	28	29	29	55	24	1	14	4	11	62	20	
16	16	62	55	39	60	46	69	73	31	15	90	11	64	97	61	14	63	13	93	90	3	61	69	4	61	24	81	17	0	7	17	49	82	69	50	15	53	91	44	24	48	25	82	22	29	66	21	23	32	10	37	1	88	87	20	70	50	26	52	95	11	29	57	20	12	91	86	62	1	83	23	2	86	90	65	65	1	87	24	10	25	87	45	52	60	49	76	
1	27	17	87	56	83	98	51	70	62	69	3	28	19	43	100	24	14	43	20	11	35	44	69	47	32	64	39	76	48	0	65	57	7	44	47	61	62	48	98	24	16	52	44	98	100	43	82	67	54	20	31	79	94	20	4	15	31	74	34	49	99	77	45	3	66	66	17	11	25	78	53	45	53	16	66	60	15	84	92	61	71	20	7	49	38	71	85	
41	26	91	24	18	77	93	82	56	55	49	5	54	79	60	92	16	4	72	52	41	6	2	7	6	12	98	39	25	2	37	0	83	95	32	55	34	90	65	54	37	23	16	92	5	23	61	23	57	19	42	19	64	79	70	4	25	54	84	47	65	97	73	91	34	58	97	97	60	65	3	50	56	75	30	39	50	45	31	93	1	32	76	99	43	10	1	87	
46	48	44	35	68	2	56	32	41	79	50	54	30	56	87	38	34	16	87	99	12	28	2	58	88	62	10	81	91	98	76	21	0	18	100	67	35	78	24	56	55	32	9	56	20	40	93	14	50	10	37	58	76	38	69	11	45	93	56	93	73	67	70	3	79	26	86	14	80	13	47	76	51	1	52	61	2	29	44	19	94	93	78	44	50	8	9	63	
95	4	71	44	51	41	8	27	37	25	38	88	18	49	10	8	96	27	39	20	62	99	20	58	46	17	37	1	77	35	10	47	70	0	23	65	18	91	82	85	25	2	57	46	27	52	45	90	6	38	92	53	64	4	98	7	36	55	85	45	97	46	86	2	87	85	1	11	36	1	63	66	75	64	26	60	49	5	15	76	50	91	30	88	97	12	58	14	
72	46	78	88	74	71	42	83	82	85	53	41	59	45	74	74	28	96	75	69	43	42	85	4	12	90	69	42	29	87	25	71	67	43	0	62	49	33	13	52	41	43	49	80	34	86	6	1	41	56	61	83	43	37	43	80	10	49	48	48	57	2	9	33	39	25	64	95	20	44	6	62	60	87	89	80	82	6	80	9	15	41	22	8	32	78	61	24	
98	56	89	57	77	64	23	23	42	50	11	75	44	93	79	12	78	83	5	96	82	18	57	13	8	54	27	15	58	98	65	8	92	15	77	0	51	42	96	14	78	80	96	16	56	27	92	77	42	10	46	43	74	65	80	67	63	30	56	99	69	24	75	1	60	38	83	19	21	67	91	62	31	72	33	78	47	13	15	21	83	86	28	79	88	69	79	75	
24	78	57	78	93	99	98	92	82	70	87	42	92	4	63	50	84	27	57	51	79	1	53	29	63	81	7	81	42	55	67	51	36	95	51	33	0	93	95	48	44	53	5	13	72	28	14	76	79	85	46	69	22	35	46	58	81	92	17	58	100	9	39	66	35	44	21	41	82	65	44	5	29	23	37	31	52	19	34	25	84	80	54	46	39	99	9	17	
12	19	27	89	56	76	90	29	91	17	24	75	82	82	84	12	44	93	75	77	22	34	59	59	87	20	69	59	45	100	18	70	57	81	44	28	47	0	43	80	34	16	92	67	14	78	15	33	96	55	39	14	93	38	74	16	56	99	87	97	20	18	87	39	23	81	92	9	55	27	29	91	80	28	30	5	22	39	94	78	4	23	54	34	60	69	47	48	
56	22	78	61	45	92	57	27	30	77	6	80	54	17	84	80	56	80	27	88	89	31	83	46	61	89	89	87	51	91	28	78	78	77	18	97	36	26	0	77	100	84	61	55	14	51	39	40	22	34	99	99	14	45	82	57	87	95	91	28	33	100	1	10	18	93	4	87	67	73	70	3	100	45	31	10	87	10	9	89	47	30	98	10	50	33	68	73	
41	18	95	63	8	97	16	53	78	20	54	94	24	83	7	10	51	58	5	52	45	45	18	9	62	60	53	38	67	38	54	7	71	52	89	90	91	51	35	0	92	6	55	29	100	21	77	99	30	61	86	24	22	77	94	9	95	92	16	45	66	25	46	85	73	51	27	24	48	68	84	100	95	42	59	48	59	68	11	64	69	31	75	71	86	32	74	29	
28	66	36	64	3	13	49	65	33	30	37	15	58	79	82	64	41	75	26	47	66	51	7	86	48	31	85	54	36	23	41	100	60	63	88	11	7	71	15	41	0	81	18	33	61	89	10	58	6	53	90	75	71	52	9	84	76	46	95	51	38	13	42	91	43	96	5	27	46	13	12	50	77	18	79	81	53	25	65	21	58	35	1	75	62	52	91	72	
87	64	48	13	73	2	2	19	11	53	23	34	9	94	6	49	19	49	36	59	35	50	17	30	99	4	47	86	23	54	33	86	77	35	77	69	55	57	40	32	100	0	25	53	57	72	26	28	64	20	48	95	18	91	83	91	71	61	59	31	15	57	40	24	96	87	31	65	35	77	100	82	61	100	79	20	68	85	76	49	25	78	96	60	15	7	52	54	
95	9	62	94	5	22	82	23	72	40	49	98	37	51	27	41	86	13	18	84	74	51	99	90	71	34	100	19	28	90	27	90	90	19	11	19	37	40	84	2	74	58	0	90	72	39	61	24	94	76	28	77	11	39	58	37	30	6	13	2	42	37	16	12	44	81	29	69	17	88	53	20	11	32	20	19	5	48	71	14	18	77	78	41	75	21	38	66	
36	1	11	30	12	53	39	38	22	100	29	43	25	74	52	2	8	61	55	46	94	31	91	44	86	19	30	81	83	21	61	43	38	8	23	33	75	34	84	19	72	82	1	0	9	91	91	60	61	44	2	79	47	30	50	64	94	58	80	51	7	37	30	45	90	94	68	3	35	1	55	93	17	78	78	33	36	69	17	48	63	16	28	66	100	47	97	33	
52	50	82	56	86	67	36	70	6	15	45	46	54	60	58	50	32	99	40	60	31	8	42	77	71	75	85	61	63	75	58	26	40	15	96	58	42	26	80	82	21	41	27	9	0	4	100	82	55	12	75	13	52	38	25	91	82	39	39	18	21	98	94	73	98	73	49	53	56	56	66	8	16	10	89	84	100	66	53	37	79	71	10	79	21	85	25	95	
17	1	95	55	94	18	71	82	4	11	73	15	44	4	9	48	96	63	81	9	99	98	38	33	91	80	100	5	56	89	23	16	42	29	100	46	6	64	23	31	88	16	81	26	15	0	49	13	95	22	41	41	38	29	40	74	49	81	60	28	18	73	81	50	78	12	40	10	37	15	15	15	95	86	63	41	93	78	9	55	77	54	62	72	13	83	57	17	
34	60	23	23	24	16	80	65	67	65	76	80	21	73	6	20	24	66	50	7	79	6	44	80	91	51	91	29	100	11	47	13	80	23	4	60	30	49	75	15	75	66	71	55	50	24	0	50	44	56	32	9	9	38	62	16	83	6	21	33	68	90	37	76	12	34	8	30	71	95	37	15	9	62	93	28	9	35	30	49	8	7	98	94	70	97	70	74	
23	51	43	79	58	84	62	26	35	51	40	23	21	32	73	4	11	17	74	49	46	9	88	48	3	53	92	81	40	20	54	28	58	64	54	95	73	16	56	62	46	93	27	38	72	6	25	0	72	88	81	38	69	85	10	98	99	41	66	35	6	48	96	46	15	64	44	4	47	67	34	33	39	65	86	66	58	68	39	38	55	90	6	95	38	84	88	41	
33	83	6	82	6	87	40	22	79	87	45	13	40	12	32	33	29	43	85	58	4	69	9	73	30	44	99	49	11	91	60	45	81	14	87	29	55	21	68	87	92	1	83	84	9	81	49	100	0	65	88	52	9	45	85	34	74	24	86	1	6	29	74	69	81	19	56	71	14	43	59	96	25	72	76	72	13	68	98	61	76	9	79	14	8	35	68	66	
24	18	45	90	77	60	22	52	71	1	35	65	4	4	79	84	74	60	21	64	53	10	57	26	12	80	88	7	31	50	21	5	66	7	28	33	82	19	77	57	40	32	65	31	11	49	48	48	83	0	97	100	47	56	6	87	1	22	57	53	70	9	12	34	44	26	36	43	94	73	2	42	84	100	2	97	17	39	15	42	69	23	73	76	32	36	98	66	
7	97	67	1	58	34	21	13	97	55	87	34	47	86	89	22	43	95	5	84	52	75	79	77	25	59	16	87	99	9	23	57	34	34	53	71	52	36	77	23	18	24	62	93	82	18	89	94	72	20	0	62	53	8	97	71	8	32	50	75	88	51	71	53	52	11	37	3	94	67	83	87	86	87	59	94	70	52	57	83	70	98	48	25	2	50	19	50	
16	75	42	36	26	94	50	65	95	37	58	51	82	100	55	96	11	66	26	23	6	65	82	45	96	90	50	32	74	83	57	90	61	41	21	23	40	42	88	58	78	55	65	48	53	7	74	79	39	5	55	0	87	88	59	37	17	82	62	66	73	46	21	10	72	83	78	51	27	65	31	88	61	93	9	35	68	31	71	17	88	93	98	30	94	62	9	50	
5	23	45	83	96	56	29	93	21	15	22	62	89	78	62	33	41	87	8	10	74	15	58	95	5	8	35	5	55	62	94	10	93	81	93	41	72	7	7	47	4	49	37	94	98	32	63	80	64	53	98	66	0	60	20	88	22	51	15	56	78	42	24	64	25	11	63	50	24	87	43	95	53	7	67	54	80	30	87	25	59	29	40	13	32	22	50	90	
16	16	96	94	49	71	13	96	72	88	31	53	8	91	55	27	92	61	29	22	64	77	65	61	43	55	23	10	89	99	78	56	39	13	22	45	70	14	72	87	73	22	65	77	64	98	34	15	45	65	39	27	41	0	87	65	100	63	88	32	3	1	77	4	33	82	93	2	47	18	96	87	34	55	32	28	84	93	44	40	40	50	47	45	50	17	88	68	
24	95	38	42	19	29	23	89	70	85	80	1	53	38	28	92	99	33	17	51	73	63	64	12	83	55	74	2	19	14	23	76	50	57	54	65	96	83	51	26	8	18	20	39	89	4	86	83	76	2	9	50	8	72	0	90	16	92	22	14	83	48	1	87	33	98	85	78	23	58	77	56	83	11	63	28	30	42	10	100	79	36	60	37	47	48	79	19	
63	23	62	38	5	55	61	47	77	25	26	47	12	92	30	75	5	51	42	40	49	62	85	90	60	74	28	79	22	38	97	36	5	35	82	70	60	74	86	51	50	71	93	74	37	12	59	33	98	5	7	6	31	57	22	0	24	59	92	69	17	13	40	69	75	94	28	54	65	58	43	42	12	55	1	93	17	57	99	24	76	97	11	45	7	33	2	30	
94	33	71	4	12	2	42	53	89	53	95	36	42	32	3	28	19	55	42	99	94	80	11	64	42	24	19	24	77	59	94	14	22	19	65	9	6	53	87	60	78	58	66	88	70	72	95	21	68	68	8	46	71	69	100	28	0	8	85	49	38	52	87	94	9	8	66	70	14	98	10	38	65	96	70	62	75	25	41	7	91	13	90	85	62	77	44	17	
94	71	47	10	14	93	92	60	8	5	68	25	92	17	82	75	70	98	14	56	70	53	6	18	91	97	83	41	73	85	54	23	8	31	42	53	53	62	13	7	5	23	88	3	8	50	84	37	31	36	84	19	13	14	23	64	77	0	35	45	60	10	13	35	67	44	43	55	43	41	78	88	6	27	57	35	9	65	47	46	98	10	9	21	87	84	38	50	
66	41	32	10	51	48	67	86	40	50	82	56	92	100	34	60	61	26	33	49	19	61	25	83	63	33	27	16	9	61	61	85	97	17	46	3	57	54	10	95	6	80	77	53	27	22	78	48	53	27	50	91	60	3	72	30	7	72	0	87	99	24	24	81	54	29	2	23	96	37	90	94	100	62	66	95	7	56	24	10	20	43	3	94	36	15	48	5	
88	96	71	60	86	76	49	4	47	13	78	77	24	66	30	81	91	4	90	83	79	51	98	90	24	41	92	54	16	96	1	18	25	44	39	40	33	2	19	36	10	36	14	55	98	66	97	91	66	74	16	74	19	96	9	39	18	100	49	0	60	13	58	48	32	89	67	98	6	5	87	25	43	69	82	77	75	42	88	40	20	10	57	3	58	53	95	17	
74	68	74	50	23	85	5	34	70	6	87	8	51	95	75	68	8	53	77	59	72	30	73	39	30	47	98	85	88	84	100	53	30	99	49	72	45	64	76	13	7	46	7	49	71	25	43	39	97	63	54	21	72	65	64	42	13	46	70	36	0	58	63	72	33	46	58	52	56	91	46	35	36	20	84	51	86	52	66	30	50	46	17	62	11	25	68	57	
69	4	28	82	17	56	50	33	7	59	12	29	70	82	69	84	31	73	39	25	94	82	63	28	53	94	7	100	31	21	66	44	69	42	81	8	88	60	19	48	42	74	69	82	32	92	34	31	1	10	87	89	68	62	96	23	93	83	33	45	29	0	74	32	63	17	74	79	96	40	29	68	85	53	82	85	60	59	47	34	59	65	12	87	68	96	100	88	
100	37	17	67	2	33	95	13	82	69	85	59	65	85	98	99	89	59	63	62	25	42	37	74	18	94	39	10	58	39	23	93	24	99	96	23	57	10	15	27	49	19	84	30	70	89	77	78	4	41	52	62	40	1	66	69	81	55	41	47	7	10	0	88	25	90	60	62	34	27	26	97	51	69	42	5	44	29	82	87	77	99	40	90	46	34	95	62	
41	12	55	64	52	95	46	87	2	23	81	47	59	19	97	40	1	27	17	66	52	42	17	17	68	18	37	89	77	20	5	20	53	39	59	94	21	16	11	12	18	5	77	24	95	69	91	42	96	58	69	39	5	64	26	6	36	42	89	56	89	24	4	0	58	26	36	62	26	82	44	51	36	86	18	68	14	20	54	19	18	85	6	59	45	11	40	78	
46	49	56	18	2	27	70	61	45	52	89	61	76	4	42	80	89	77	48	28	52	9	96	1	85	70	56	94	13	75	21	28	100	90	75	30	48	38	63	62	34	79	33	81	51	31	35	82	38	97	17	96	71	83	25	73	86	56	13	59	55	81	42	81	0	66	86	35	32	19	34	88	67	7	42	59	48	67	94	48	8	50	72	46	3	26	53	85	
26	22	63	49	34	33	62	63	11	79	81	29	93	76	25	72	83	45	24	87	6	4	35	8	25	62	78	27	89	54	96	74	8	22	95	98	97	82	50	12	71	60	91	7	1	58	51	91	93	90	11	4	87	84	96	55	2	1	95	7	44	43	62	12	52	0	21	75	80	34	86	76	34	77	96	21	11	94	64	54	33	29	30	44	75	63	86	44	
49	7	92	24	91	11	60	67	71	34	52	38	74	51	49	48	96	7	26	38	86	92	12	35	61	30	4	15	61	94	68	97	45	69	88	11	41	59	10	29	96	36	100	62	97	64	51	73	90	10	18	81	78	75	74	5	83	97	49	43	33	5	95	52	14	66	0	52	21	62	50	11	10	49	61	73	79	8	11	70	29	41	30	10	15	18	44	86	
51	54	15	78	59	34	99	98	57	25	45	48	23	27	57	9	19	2	80	96	7	73	42	76	86	62	23	2	99	97	55	56	30	34	51	94	92	70	15	15	39	100	74	67	92	80	19	75	62	73	50	14	65	24	91	89	88	6	60	76	12	26	95	61	23	41	98	0	100	79	58	61	94	69	38	53	91	98	48	62	5	68	30	23	16	48	78	29	
70	3	3	100	38	19	37	95	88	4	80	47	52	72	43	49	21	31	48	86	48	40	82	55	10	34	20	94	35	13	13	52	8	57	41	87	58	98	31	15	87	10	99	77	14	54	97	83	49	32	55	89	29	69	27	48	64	89	64	62	20	62	50	50	65	76	64	17	0	51	93	81	32	77	75	21	23	11	86	87	32	33	94	25	37	37	87	59	
48	16	42	16	32	77	5	81	75	27	65	51	25	83	16	51	31	88	82	35	47	88	97	63	92	40	91	17	90	91	80	96	46	7	83	55	44	87	22	5	98	98	97	76	57	74	95	30	38	87	86	48	46	16	81	44	48	22	66	26	82	12	37	76	36	99	60	29	91	0	20	52	56	60	14	70	79	41	3	38	36	42	21	21	98	11	66	14	
4	95	67	94	42	13	21	11	27	30	32	51	5	1	30	20	77	40	22	65	22	6	55	88	52	51	81	86	7	18	80	94	66	9	99	22	16	45	83	12	27	99	65	86	67	54	22	17	71	35	80	42	56	59	95	65	2	2	62	66	24	58	85	78	65	49	19	50	83	74	0	55	24	32	40	19	70	97	48	26	87	100	5	61	53	63	12	32	
39	38	36	70	60	63	83	12	77	51	97	43	22	88	81	26	51	79	48	77	33	32	25	7	1	7	69	24	87	19	54	38	93	55	54	90	27	99	82	17	48	25	54	18	34	79	22	40	85	42	25	95	81	33	9	22	51	15	90	58	59	41	99	87	64	93	72	7	39	69	33	0	50	13	44	53	83	27	55	72	83	48	6	90	72	71	42	8	
46	3	1	9	62	11	24	43	27	78	54	88	45	24	86	78	63	60	94	2	33	52	47	78	13	46	91	88	90	57	78	31	87	48	39	69	26	22	56	71	93	64	19	57	9	30	76	79	94	8	6	12	82	34	50	42	38	78	88	15	3	31	42	40	18	46	94	65	21	26	73	29	0	33	77	39	47	89	20	18	96	5	70	88	55	58	22	97	
87	52	57	28	17	23	47	16	17	66	93	63	85	87	73	33	57	79	66	76	40	70	72	73	64	38	63	18	85	7	64	39	23	75	43	3	50	81	59	60	43	11	62	24	100	32	25	91	44	73	60	25	87	20	34	24	51	9	81	62	26	85	48	4	23	44	89	81	6	60	97	4	53	0	82	16	62	87	15	70	3	92	88	27	83	81	2	79	
40	65	22	32	15	13	17	60	67	39	87	99	37	1	25	67	78	35	16	72	71	89	6	61	21	66	71	73	17	54	51	96	28	15	83	46	7	47	15	49	32	3	87	6	47	91	77	91	64	27	79	10	27	88	85	27	3	32	84	63	56	61	90	60	5	15	86	1	32	72	48	64	50	44	0	60	17	15	43	49	28	61	96	1	9	49	83	93	
21	10	80	88	61	67	8	44	19	32	9	55	64	57	90	33	93	20	87	3	39	64	82	23	15	57	8	86	76	44	23	16	70	51	34	71	10	27	32	2	24	37	5	1	57	77	13	56	37	71	35	44	59	3	88	15	64	100	67	38	95	11	38	83	42	56	17	28	41	41	55	12	27	91	98	0	23	60	67	96	72	60	15	37	14	21	21	1	
41	14	58	32	94	21	44	39	7	93	7	6	76	53	50	21	24	82	5	89	90	47	9	1	76	6	70	85	53	34	98	65	32	11	22	61	70	65	63	11	81	16	32	56	21	79	22	37	26	99	87	93	92	22	77	95	30	97	20	43	69	66	60	23	92	46	57	44	60	26	20	98	6	2	49	13	0	57	41	1	87	89	24	30	93	5	100	51	
4	20	98	83	25	36	50	42	79	89	23	28	43	70	45	85	13	21	25	21	89	92	71	8	48	24	87	38	68	84	72	35	31	63	23	30	98	94	77	94	66	48	15	67	12	1	38	20	35	50	14	77	35	67	88	39	62	51	10	97	12	96	97	33	53	73	92	36	5	29	20	7	20	13	45	93	7	0	9	38	16	82	66	66	70	80	11	87	
3	76	47	99	26	78	65	88	8	10	23	25	31	50	32	7	59	86	3	51	27	50	49	11	85	1	95	80	81	34	19	41	6	78	23	86	29	30	86	52	72	88	23	75	61	100	38	19	96	87	13	88	25	75	56	69	84	71	4	25	84	33	52	30	29	88	83	92	20	25	55	74	20	13	40	92	45	72	0	73	15	51	58	59	81	72	73	91	
21	38	50	66	43	55	42	96	53	93	60	52	18	78	87	67	96	2	88	78	6	82	56	64	58	65	53	66	57	3	38	71	46	95	91	3	50	43	99	7	94	22	93	73	85	3	92	39	26	2	71	19	14	23	11	35	10	39	39	33	65	91	48	95	93	31	36	51	69	68	65	37	96	29	4	26	23	68	69	0	82	11	18	85	18	13	59	29	
14	73	75	15	100	16	41	65	96	3	11	88	59	76	76	90	18	10	64	10	52	88	81	71	18	26	6	11	92	30	79	79	26	80	73	98	76	97	67	43	12	70	95	18	99	9	62	17	99	63	71	2	87	89	16	68	24	91	1	37	96	38	78	89	55	93	57	74	9	88	46	51	97	55	100	31	7	10	32	48	0	96	49	56	1	79	44	25	
25	3	31	51	63	79	3	93	56	29	34	27	76	60	18	2	51	45	65	84	92	77	72	82	65	97	92	28	29	26	45	90	17	50	10	93	34	55	99	23	57	18	31	45	37	19	50	36	68	86	26	15	13	35	66	85	32	93	9	58	24	46	48	77	2	24	80	86	69	34	86	67	49	15	80	65	69	82	68	86	98	0	88	52	9	14	31	67	
26	94	59	97	14	65	11	67	83	11	35	71	19	18	66	10	35	37	69	28	21	92	99	38	58	71	100	43	92	15	4	82	26	22	84	35	50	11	87	55	31	41	40	33	31	55	81	40	34	94	94	99	93	20	27	4	99	100	34	54	39	43	56	8	17	97	65	65	43	41	98	38	14	34	46	84	47	75	52	73	16	73	0	22	65	88	100	52	
93	57	61	46	84	67	8	30	78	86	44	49	8	27	89	71	97	20	29	38	72	54	55	75	49	45	14	64	82	26	77	85	4	31	91	27	53	33	43	1	77	89	9	9	84	40	82	80	62	10	93	83	99	88	9	14	27	88	43	60	65	25	94	15	62	80	72	39	8	80	19	74	85	66	79	60	50	41	69	58	84	68	76	0	63	29	51	96	
29	2	88	83	26	90	81	70	85	15	65	38	15	49	1	56	14	70	100	23	10	49	76	61	77	76	22	10	15	60	30	46	90	57	52	94	37	26	33	14	17	51	95	30	57	5	76	46	99	19	98	4	82	66	71	15	89	14	36	59	61	41	40	20	52	22	65	78	8	88	29	80	52	76	7	94	45	89	17	60	18	57	51	19	0	62	5	60	
40	69	56	4	91	78	96	6	67	52	98	10	53	56	34	20	3	7	39	30	67	22	28	4	18	52	4	42	92	21	97	37	57	62	21	84	76	87	47	77	62	3	37	1	62	9	29	71	70	52	2	73	57	1	63	69	19	52	100	24	24	66	62	51	1	29	56	36	43	45	2	99	98	85	2	87	96	97	23	100	52	27	99	49	93	0	31	81	
14	58	18	81	40	99	88	2	50	68	58	2	46	99	79	100	39	98	23	77	23	96	50	95	16	46	85	98	4	12	41	71	55	7	89	74	95	99	63	51	63	71	77	90	58	64	54	29	37	18	37	85	55	27	50	45	48	60	80	70	10	22	72	2	20	33	2	26	49	90	68	74	88	90	59	56	1	82	24	44	59	25	63	80	51	34	0	42	
90	34	81	88	75	94	21	54	28	20	81	79	18	36	67	7	18	50	78	8	95	29	61	85	13	50	35	65	57	5	65	15	40	86	21	61	1	98	45	28	14	94	6	11	59	47	2	88	45	80	11	64	75	56	41	2	76	67	45	88	98	87	98	3	83	78	29	56	87	71	93	28	60	83	49	71	23	78	73	18	12	51	68	6	55	63	67	0	
26	39	71	55	88	39	71	40	39	35	58	81	77	62	59	80	9	22	66	56	85	63	13	89	30	62	42	27	77	17	44	29	61	19	26	54	81	
39	26	55	26	50	31	64	16	47	41	24	57	45	23	45	41	46	16	55	30	56	32	39	50	23	30	25	29	57	54	5	47	27	55	38	27	46	
71	55	26	78	80	85	18	70	40	40	72	108	31	57	100	59	71	60	109	25	103	81	61	71	75	32	32	44	110	87	55	95	36	91	48	29	85	
55	26	78	26	39	23	89	15	73	66	9	31	60	26	24	42	63	35	33	53	31	8	60	45	26	48	51	54	32	65	23	48	45	64	62	49	28	
88	50	80	39	26	62	96	50	93	87	32	46	50	28	58	21	96	66	64	59	34	32	90	12	63	48	66	78	52	101	45	86	46	101	87	56	14	
39	31	85	23	62	26	92	16	68	62	30	42	74	44	21	62	48	28	29	61	48	30	48	67	11	60	54	49	39	46	32	25	57	43	55	57	51	
71	64	18	89	96	92	26	79	33	36	84	120	49	72	109	76	68	65	118	38	116	94	58	88	81	48	38	45	121	85	66	97	51	89	45	41	100	
40	16	70	15	50	16	79	26	60	53	18	44	58	29	30	48	48	20	39	46	46	23	45	54	13	44	41	41	44	51	16	37	41	51	48	42	42	
39	47	40	73	93	68	33	60	26	7	71	104	60	65	88	77	35	41	97	39	104	80	26	89	57	49	27	19	103	52	52	68	50	57	14	40	92	
35	41	40	66	87	62	36	53	7	26	64	97	56	59	81	72	32	34	90	34	97	73	22	83	51	45	22	12	96	49	45	62	46	53	9	35	86	
58	24	72	9	32	30	84	18	71	64	26	36	52	17	33	33	66	36	42	47	33	10	61	37	31	41	47	53	38	70	19	54	37	69	62	43	24	
81	57	108	31	46	42	120	44	104	97	36	26	85	51	24	60	90	65	23	83	13	26	89	57	51	76	82	85	7	87	54	64	73	85	92	79	32	
77	45	31	60	50	74	49	58	60	56	52	85	26	35	84	29	80	58	93	22	78	61	70	40	68	15	36	53	89	93	42	91	17	95	61	23	58	
62	23	57	26	28	44	72	29	65	59	17	51	35	26	50	19	69	40	59	34	45	26	62	27	41	25	38	49	55	77	18	66	22	77	59	30	28	
59	45	100	24	58	21	109	30	88	81	33	24	84	50	26	65	68	47	9	75	34	26	69	66	31	72	71	69	19	64	45	40	68	61	75	72	44	
80	41	59	42	21	62	76	48	77	72	33	60	29	19	65	26	86	57	73	40	51	39	78	12	60	29	50	64	65	95	36	85	27	95	73	38	30	
9	46	71	63	96	48	68	48	35	32	66	90	80	69	68	86	26	30	76	59	94	71	10	96	39	66	44	28	87	17	51	37	65	22	23	57	89	
22	16	60	35	66	28	65	20	41	34	36	65	58	40	47	57	30	26	56	39	67	43	25	67	17	43	28	22	63	37	22	35	41	39	28	36	60	
66	55	109	33	64	29	118	39	97	90	42	23	93	59	9	73	76	56	26	85	35	34	77	73	39	81	80	78	17	70	54	44	77	66	84	81	50	
56	30	25	53	59	61	38	46	39	34	47	83	22	34	75	40	59	39	85	26	78	57	49	52	52	11	14	31	85	72	30	74	13	75	39	4	62	
85	56	103	31	34	48	116	46	104	97	33	13	78	45	34	51	94	67	35	78	26	24	91	46	55	71	80	85	20	94	52	72	67	92	94	75	21	
63	32	81	8	32	30	94	23	80	73	10	26	61	26	26	39	71	43	34	57	24	26	68	40	34	50	57	61	29	73	29	55	47	72	70	53	21	
13	39	61	60	90	48	58	45	26	22	61	89	70	62	69	78	10	25	77	49	91	68	26	89	38	57	34	17	86	27	45	42	56	31	13	48	85	
89	50	71	45	12	67	88	54	89	83	37	57	40	27	66	12	96	67	73	52	46	40	89	26	67	41	62	75	63	103	45	91	39	104	84	50	25	
30	23	75	26	63	11	81	13	57	51	31	51	68	41	31	60	39	17	39	52	55	34	38	67	26	53	44	39	48	40	26	25	50	38	44	49	54	
62	30	32	48	48	60	48	44	49	45	41	76	15	25	72	29	66	43	81	11	71	50	57	41	53	26	23	40	79	79	28	77	4	81	48	10	53	
42	25	32	51	66	54	38	41	27	22	47	82	36	38	71	50	44	28	80	14	80	57	34	62	44	23	26	17	83	59	28	63	24	62	25	14	66	
27	29	44	54	78	49	45	41	19	12	53	85	53	49	69	64	28	22	78	31	85	61	17	75	39	40	17	26	84	43	34	52	40	47	9	30	75	
77	57	110	32	52	39	121	44	103	96	38	7	89	55	19	65	87	63	17	85	20	29	86	63	48	79	83	84	26	83	55	59	75	80	91	81	38	
17	54	87	65	101	46	85	51	52	49	70	87	93	77	64	95	17	37	70	72	94	73	27	103	40	79	59	43	83	26	59	26	77	5	40	71	93	
44	5	55	23	45	32	66	16	52	45	19	54	42	18	45	36	51	22	54	30	52	29	45	45	26	28	28	34	55	59	26	51	25	59	43	27	41	
29	47	95	48	86	25	97	37	68	62	54	64	91	66	40	85	37	35	44	74	72	55	42	91	25	77	63	52	59	26	51	26	74	22	54	71	76	
61	27	36	45	46	57	51	41	50	46	37	73	17	22	68	27	65	41	77	13	67	47	56	39	50	4	24	40	75	77	25	74	26	79	48	11	49	
19	55	91	64	101	43	89	51	57	53	69	85	95	77	61	95	22	39	66	75	92	72	31	104	38	81	62	47	80	5	59	22	79	26	44	73	92	
26	38	48	62	87	55	45	48	14	9	62	92	61	59	75	73	23	28	84	39	94	70	13	84	44	48	25	9	91	40	43	54	48	44	26	39	84	
54	27	29	49	56	57	41	42	40	35	43	79	23	30	72	38	57	36	81	4	75	53	48	50	49	10	14	30	81	71	27	71	11	73	39	26	59	
81	46	85	28	14	51	100	42	92	86	24	32	58	28	44	30	89	60	50	62	21	21	85	25	54	53	66	75	38	93	41	76	49	92	84	59	26	
2812		1558		93		2346		1314		540		9702		2184		2376		792		2520		3504		6715		3304		1920		740		4418		2958		2726		3195		5264		2706		3200		5767		234		3195		2232		5005		3741		3200		1376		560		2176		1221		3481		268		4092		
144		4140		1258		4221		5760		376		1633		2592		3154		595		2178		8448		984		4140		6432		783		279		1830		2664		854		1209		4970		26		5184		2090		68		3102		480		8415		266		1734		1292		3618		810		2392		2596		7921		
3520		903		6432		612		4559		1924		7704		1624		89		328		208		80		7700		3053		616		3640		2738		1176		1445		710		1794		1309		3650		2688		2135		5874		5175		1330		140		426		1189		3528		1008		828		1694		2680		924		
4884		2852		45		4386		3382		8463		530		1925		2808		2400		6320		1508		4018		5412		4280		2760		6696		6175		6786		2244		8848		3600		6200		4880		7857		3895		3663		47		6962		8900		4221		3861		135		4836		1960		1258		4418		
2240		160		8360		1900		540		204		1872		1050		6557		2695		616		1125		5135		1350		5		3782		1105		3741		1245		3500		66		1210		390		3782		1836		330		1235		448		1302		4154		2028		3393		1827		1740		6319		5478		820		
4459		26		480		776		4324		630		3600		528		7100		1216		1248		1848		1170		2784		300		343		3770		2496		957		2640		648		1125		3136		4187		1387		4992		2028		4108		640		1534		200		3560		2695		2280		360		2704		432		
6144		4028		8856		1184		780		1534		4914		2432		6110		2640		1886		442		5152		406		336		657		1971		4644		3		3818		333		1802		5032		1554		2664		4880		4368		304		399		4154		4505		1025		4543		2268		5508		1280		4539		
3549		3276		4970		4802		1024		280		7482		3534		1335		6048		1800		3721		819		1276		2450		864		2842		2277		7007		2184		4900		1232		7650		140		1260		2173		5394		5472		2345		8692		705		5640		1599		4028		8330		800		1450		
3225		805		1696		4508		2205		312		2080		1755		510		550		1276		6480		204		2700		4140		1692		1196		1988		1794		390		2618		4914		3564		1947		2408		1890		246		798		5589		3300		1612		63		1386		6048		1188		825		1575		
451		400		693		810		2350		48		1296		608		1705		144		1445		1176		2100		506		555		3649		4802		133		94		1406		4116		1300		1100		2891		1539		2736		272		370		4067		4950		592		1232		2013		1155		2880		1120		2460		
2923		3854		2555		2201		567		1113		712		4059		2940		5148		23		1408		4050		1634		208		1309		3182		56		2183		3009		2890		1404		7600		1320		702		3075		3135		5916		1372		8740		455		936		1976		9016		546		240		793		
3956		1739		4087		1628		1215		5214		5544		5044		6885		4977		3096		1357		900		672		6402		216		3627		2432		4366		3264		3696		3440		3230		232		2470		3441		406		3195		5952		3838		3696		6408		2485		4242		4941		460		1377		
2448		8		3869		1590		1566		160		5490		504		220		888		486		732		2925		2295		3888		2288		966		130		513		174		4200		2016		2590		378		1656		868		1771		2225		3721		2346		702		4554		700		4576		1360		52		1000		
3648		100		105		1628		3024		3025		4410		3120		799		504		740		5475		1480		69		3216		1050		4464		1938		5236		99		1836		2350		3224		378		2976		280		1280		1728		1425		4218		138		6696		340		2660		2520		232		2346		
4140		3149		1068		6696		6794		1976		1683		2646		145		2016		1139		5356		2916		1375		8277		5940		5723		1100		4998		1260		8613		3696		2940		5112		1716		217		1716		2244		4888		7600		1715		2436		1598		6873		1656		384		6142		
2948		2100		5208		1008		5390		182		1196		56		4473		3712		2050		3204		6461		2880		799		1596		3975		2190		780		5100		378		1196		4293		3904		585		3538		4536		4992		578		4368		750		1632		2640		500		174		952		3036		
2376		4074		312		3234		819		1254		3072		867		1095		924		1170		8455		2310		1134		3696		7722		1600		992		8415		3916		2619		6351		781		7654		2392		1537		2940		952		4418		518		2867		4081		371		3444		425		2992		4928		
3690		3024		7505		2046		2160		348		4444		756		7200		3105		378		4005		7396		4816		1575		4588		4950		1332		520		3888		3564		880		2491		3042		1800		7056		4160		2622		2400		1849		440		1206		3933		1600		2108		5244		3300		
1152		2291		5476		700		1800		2520		4524		2475		5016		1863		693		1645		5049		1700		180		1102		504		3182		968		1666		348		180		4690		589		3145		4032		765		5336		2280		6764		1632		3111		3306		1748		2814		4140		374		
2156		4365		5429		2024		1968		344		618		1924		4876		4558		336		88		2795		3168		2205		114		3612		1995		840		4290		1235		1400		4756		2275		2208		342		5576		7104		1148		264		3485		1292		5238		1978		1826		3906		960		
7905		4104		6080		3630		1425		1824		3526		6100		7395		6806		4094		4060		1122		1088		6160		336		6435		1491		8400		1519		1416		1938		273		1079		5840		76		1920		5320		900		3456		3050		5586		3663		3488		7990		2304		532		
855		2160		5896		2714		1264		2752		952		1426		1365		510		98		949		1656		3869		3922		1491		646		56		1525		1421		5544		1998		656		4080		253		4235		216		240		1278		432		1890		2842		4346		2366		1750		1081		3139		
3696		918		567		6715		6120		7055		176		2940		1888		2343		2072		7920		3432		4392		4700		4355		4940		456		6540		513		1908		504		2862		6468		1898		2960		330		2730		4329		7128		1456		546		120		595		1558		1333		3827		
3572		3304		147		1950		6992		7654		550		5904		2867		4278		2556		214		2376		2744		4444		1540		3157		882		10670		858		2121		2187		594		3484		7800		1230		2730		2793		10246		7728		1736		6860		612		7008		5076		261		5412		
1560		4233		920		4130		4473		4920		1102		5346		880		4264		5828		5820		689		184		8084		1554		3280		3100		515		414		6120		4032		4760		4717		5698		572		2520		1612		3300		4370		1350		8633		1300		1261		472		425		2272		
3720		4324		1836		2548		4680		1659		1887		64		8900		984		1820		2250		4816		936		72		6633		621		3456		616		3927		805		1400		770		3332		2624		740		5544		420		551		4480		4559		2964		5460		4453		2128		2482		1380		
5742		1271		882		462		511		5183		456		4503		2160		2059		2340		9504		1380		4032		1566		108		174		2070		2496		910		3220		6370		864		5148		1586		2050		51		899		6664		3848		3827		2400		81		1848		3168		901		4788		
2046		1140		7650		2772		2480		378		7832		1680		5723		1113		1680		5022		3936		3480		2769		5082		2821		2500		3825		3712		5382		4200		2765		3320		1598		5159		3392		473		2494		2475		2562		30		4615		1955		2385		5063		6020		
2686		2795		3420		988		3240		1794		6237		4428		4002		5696		4171		4144		644		1768		4940		720		3612		5742		765		1320		2112		4590		5100		1092		6435		1060		3311		826		2449		3705		2496		2430		893		8536		3264		240		3780		
6336		1458		1914		1972		1475		672		5694		3168		4012		2170		1920		5148		1716		228		1378		826		4453		44		2440		1295		3195		1512		660		1242		945		1846		2624		53		4592		5346		1870		5040		396		1458		5704		3200		216		
3348		512		2160		952		2240		648		1680		1334		3080		1155		2325		4550		2436		2660		4399		44		588		270		124		375		3456		3240		170		1375		2187		1260		954		1672		6240		3952		180		98		1800		5346		1767		2178		318		
799		2387		2430		324		6723		1260		3186		2886		936		133		1296		6972		372		216		2340		5390		864		95		3942		3040		4930		610		252		4400		3196		3648		2470		970		6068		1650		888		2623		94		2232		979		3822		1617		
2701		2535		5376		95		874		1312		1358		1386		4611		1280		1152		2538		2301		364		385		2312		6237		676		1640		5782		1216		814		4774		1888		2068		1300		5952		4761		3069		2940		1855		1518		672		249		624		1792		230		
3864		1850		6390		1290		68		2444		5565		4095		7275		1620		1944		2813		5418		1815		1496		105		4836		5824		4128		469		1020		814		4048		1421		1512		928		213		7426		540		2016		4185		2310		4536		8366		6600		4800		190		
2231		4730		8742		976		2079		160		7896		4018		6076		4930		3283		1600		873		7068		3304		8930		2322		3510		5246		231		1408		4416		108		4738		1332		3936		4992		2050		7500		44		5369		1326		7200		432		686		7275		3330		
2948		2691		1974		826		986		1680		1368		4158		2961		1247		1768		7832		442		1184		4814		1520		5382		2750		8648		781		1886		4030		354		2400		1612		671		1375		3444		3330		8051		988		4452		975		3526		392		1300		3456		
3234		1680		3116		4042		1833		232		3249		966		1083		1612		1890		1050		992		108		3015		520		781		810		2584		880		1386		880		5642		1568		2703		279		403		2530		1679		3362		1836		7392		679		1494		4070		846		3828		
2745		496		1050		1428		4508		1147		2989		336		4410		3024		782		236		185		1476		2300		952		5200		1012		4602		1450		2688		3234		1452		616		1320		46		2352		3136		780		2684		440		5445		1560		4030		3731		1113		4085		
5928		1040		2550		2232		2262		1848		6510		5880		693		5225		3618		360		4048		2310		166		1800		5830		7790		5073		3416		1560		5529		6901		1105		7304		3000		292		8712		2886		2975		1620		9612		2254		7440		776		1380		40		
3476		680		2565		4380		2960		1281		3069		3234		1200		688		4424		3276		3040		2115		948		1425		855		2940		1320		1206		5874		2838		3060		1311		459		116		558		204		6256		5640		1369		3604		2880		4288		396		361		3225		
8000		2772		210		2200		3040		2232		3658		728		5896		5040		3772		3198		170		2204		1343		1880		3360		5782		2992		290		3570		550		7125		2850		4623		133		2394		5278		2075		7584		2706		6825		1520		7448		6499		1680		1568		
5400		1232		3139		240		962		750		6888		1092		690		3339		120		2484		4455		651		377		3268		1488		561		988		2784		986		300		4814		630		2288		1419		2444		561		3515		3445		1558		2700		1755		2048		4720		2904		2156		
5544		675		2852		4320		1045		396		3239		4386		6075		2508		2664		2196		2208		1932		1700		236		4500		310		3150		1276		1020		164		5727		342		4480		330		2862		1972		5025		3168		2120		801		837		4900		3927		3612		150		
2800		390		2494		1120		1978		2070		2860		522		1269		2952		2523		2275		2291		972		4118		341		495		2146		3685		1782		3050		2847		3854		1008		1178		570		780		1650		335		3102		1105		6138		1176		2380		3444		98		3082		
1314		2679		186		4480		6399		6786		85		2808		1640		2501		7030		7810		429		1740		102		122		2993		930		4032		1593		7455		1680		682		3384		2926		1088		442		1932		6272		1691		3876		8536		190		1209		2350		589		3219		
6468		1932		2923		544		55		4674		5130		1350		4230		5880		1728		3192		1900		1875		4717		1911		546		4154		3776		855		217		1917		3698		1155		4640		2444		1197		740		2976		7857		1025		5508		748		5472		7968		324		360		
1197		4182		8730		5015		7275		1755		7020		3290		5684		1944		3575		3920		6882		2368		1680		3404		1863		3024		5063		2701		2610		5032		1472		800		306		1950		1980		3312		6000		531		3416		1445		304		5		405		5680		264		
2380		120		1826		5100		1566		213		312		5060		2688		2880		728		3696		648		2812		1245		3626		2800		2907		4784		648		3936		496		4320		4655		1890		456		364		1634		5460		6120		2028		7310		45		4263		3300		70		3024		
8600		4526		6633		3534		2175		4067		8160		476		6417		7216		1484		3600		1512		2769		5460		294		10494		3510		6461		4428		768		3420		6596		360		4374		1591		4950		3608		1215		10120		2394		1908		1204		10556		1820		742		1806		
204		2754		276		790		4150		8232		858		4060		3115		3220		6351		4360		1152		900		2000		4473		5494		2784		654		2210		8085		4150		5643		2475		2812		1540		780		1025		1665		756		4312		2760		2584		6525		176		960		2871		
1320		899		728		1456		696		3420		78		1935		532		2516		4094		656		276		1155		1702		360		522		2318		5964		82		5850		5432		2208		2132		204		1045		52		180		4368		5544		2580		4818		715		370		836		24		549		
90		2542		1998		2310		7387		1140		6808		1312		1848		988		5900		3760		869		2688		3538		4264		190		1848		455		4248		7990		3843		512		3549		1920		1885		495		330		1463		1288		3312		594		945		144		1508		3705		984		
4888		1577		722		1240		2640		1617		4284		204		2700		1640		2277		6210		1378		861		1364		448		684		384		1584		377		3185		1634		3408		1540		2478		363		1296		2048		923		2380		720		1386		585		1050		4100		370		1715		
2112		918		6080		286		1920		112		602		765		1488		4785		2912		4800		3124		2684		1728		2046		2982		1218		3240		798		4374		748		2898		4216		208		4389		2016		3913		810		320		725		23		5346		507		3936		1431		1998		
4698		441		3196		1976		1188		3220		5292		3075		9118		2340		494		779		2415		1295		770		2709		3916		244		570		4200		90		216		6880		2052		1020		3348		4176		6557		425		3185		1080		6580		1534		3115		957		5628		494		
715		924		2583		4416		624		3230		455		2170		2304		1860		3744		3478		726		3927		1650		3588		540		744		5229		3266		7084		1026		585		5772		1272		1581		2805		1620		5184		891		2409		561		400		2190		1760		602		4608		
1748		3286		1224		1920		273		1890		5073		5415		1274		5332		680		4602		3034		210		4899		980		2646		4071		4712		162		720		3139		2093		240		4416		4042		6080		1540		5135		4134		1104		5076		3772		3180		6090		2028		864		
312		2214		1326		532		66		1400		6417		1560		5074		5840		735		266		3774		550		2538		1541		688		2520		3975		4345		1708		21		6156		1720		1716		3174		3060		840		4214		1911		1944		675		1419		3960		3713		2860		525		
3000		27		3969		1314		4032		1058		504		364		3850		2016		162		4606		4437		2232		1517		129		2736		414		92		897		2107		1200		43		4450		476		3441		2482		216		1029		1961		324		1428		3400		1749		1452		350		2184		
3944		3486		5394		704		2457		2697		1155		480		5785		1148		1071		315		3096		1558		988		4067		3696		4400		1700		4828		51		108		2775		4900		1406		6014		670		490		442		6536		3276		2585		4248		3552		1560		768		225		
2496		1050		4794		3255		3996		143		1900		1015		3796		5427		3655		432		4644		5700		960		4425		1128		1995		1363		648		2850		546		2550		4480		551		5832		5355		168		3053		1120		44		315		5244		481		5640		612		1364		
3776		1932		5244		408		210		2772		1420		1404		1449		1653		304		5049		2916		165		3234		1659		4092		703		3420		2970		3330		325		4897		1950		2379		2470		1776		1175		3780		5328		75		4992		1782		4662		2296		360		1914		
6900		200		4752		1335		64		2822		6868		630		1218		4374		170		342		5544		2784		1222		462		4056		1100		1984		2176		208		192		7350		3649		3920		1938		4672		4347		23		4898		3240		3363		4611		924		5929		120		1134		
5795		510		6890		496		5056		1392		1380		972		828		258		2680		54		5096		114		322		2160		2414		3224		380		972		2470		726		72		4891		2940		5772		836		6142		1638		5120		612		1560		1500		1281		7505		5304		3774		
6806		2596		5280		693		3807		3608		3782		940		4664		8118		1710		126		7917		2438		2080		5828		6440		5963		1752		2210		897		840		3094		4292		3021		5226		2520		3045		560		7387		2576		3900		1575		6794		6555		810		3135		
729		799		735		3075		2747		2546		5346		1176		192		775		2080		1224		1000		1404		5187		3080		651		726		1122		2070		4891		686		1035		5980		2241		2412		1116		273		6887		3999		1408		585		1088		810		1617		1120		5103		
900		3397		2635		5133		1300		6570		4128		3819		5452		3905		4437		4335		66		3060		1909		1020		3950		3752		1104		1911		234		5340		4071		2378		5742		1050		1190		2704		1602		7636		574		8820		336		846		3658		1113		5510		
1386		120		2451		1288		1870		196		704		75		540		2584		1998		4248		2989		2900		2025		4183		1400		308		324		2178		5605		455		805		4312		1482		1365		2288		1539		3364		1200		363		1974		1440		882		875		1020		3050		
6480		688		1617		1680		96		5035		6324		966		5481		4860		648		3240		2842		1870		4650		420		8008		5104		2352		2750		720		1200		7380		782		54		765		2806		3621		4554		3255		1292		78		2520		1674		4880		1144		252		
3180		2795		3880		660		3484		1785		10600		812		8439		1360		2324		1386		400		2530		35		60		6141		4094		1170		4824		2310		1638		2415		2684		465		3332		2040		5916		510		3366		2337		4257		4864		1088		3552		204		1443		
4466		3182		6643		140		1269		1140		4141		322		5166		5396		1826		88		4088		312		242		3834		1407		602		380		2112		952		1008		5544		2856		28		3782		4410		5056		1281		5676		2196		2860		3190		4480		5396		4092		748		
2223		495		765		544		2924		861		7488		380		4266		7200		928		2025		6499		2112		1054		2160		528		680		1150		660		1428		410		6080		2350		243		952		1160		3420		1575		2178		420		598		1560		5440		4690		171		90		
1386		3248		7482		3450		1470		4800		1660		2310		1600		799		6132		6256		3290		1659		3381		4171		930		2240		2850		6570		9114		4004		650		3816		2508		5040		885		1376		8800		435		3965		160		156		850		2242		142		9603		
2940		260		676		1768		84		1665		5440		147		1908		1242		840		2128		1961		378		816		899		5115		962		3422		2592		2385		390		2832		1845		186		912		2160		1800		1995		5824		475		4592		280		2560		2250		360		1053		
336		1290		4968		2074		7905		1222		2178		1150		68		660		5544		1760		5159		2310		670		7304		285		729		1924		3528		5704		4830		288		5952		3256		2394		3318		650		1020		684		288		1998		3348		1104		1533		1188		2784		
576		962		3536		57		4028		255		5928		76		4816		784		748		2880		2622		600		2640		4802		4050		736		3526		1276		3150		1080		1476		2128		583		2967		37		2775		1200		1104		1125		1800		760		2592		2508		680		360		
4836		3608		4361		432		2790		462		3234		816		710		6072		663		2590		684		1760		3744		275		8064		57		800		192		1464		1128		6975		440		868		147		3784		2400		4366		2068		1702		1305		1880		3135		2652		1550		2000		
4819		171		1512		527		2832		160		8880		2580		6283		9504		3096		69		2924		3016		2134		4588		3168		1512		1029		4482		592		2236		5046		354		2303		5852		82		2940		100		1190		4860		5429		657		164		2730		4898		170		
3555		2640		1260		2418		624		2400		4158		2496		270		3444		126		2400		580		2673		420		1116		5133		4930		1739		488		260		360		4592		621		2142		1196		2080		3577		2376		4500		156		2847		3283		2047		4592		4582		24		
1140		2211		3234		290		320		4644		3403		3330		1260		392		2736		1513		1643		4108		803		2442		2291		1924		5412		310		1780		3770		475		4466		860		2440		391		4		4400		3450		740		4984		2993		2891		72		651		5850		
9090		6138		5530		110		576		7566		5856		4680		3366		1692		144		6237		2496		117		6150		2024		1177		6474		972		5084		4794		3050		6000		120		6864		408		5688		602		210		2530		1824		2958		539		9200		7584		300		992		
1296		792		1120		1419		1862		3796		4067		1332		2340		1365		2916		2592		2139		92		6305		2528		5510		3060		4875		957		5304		3634		49		3784		3465		9		1394		2376		74		910		1680		680		469		3384		798		189		4284		
440		2700		4361		1898		65		415		9216		1176		4899		1950		1054		1386		4187		4067		1197		4489		3136		341		1664		1452		4600		264		5100		6461		1120		2990		5800		3445		1634		4410		3626		1210		1612		1344		5800		2852		2430		
2352		343		564		1632		102		1064		798		805		2024		2960		1624		5103		1558		184		3588		1833		3478		1420		1860		2093		671		3145		2920		1176		1560		1564		1900		2322		5248		2736		72		901		1827		2065		684		1780		864		
1638		3861		1139		2856		494		4400		1245		3486		560		4884		375		4150		1716		720		1680		1034		5185		4840		6048		1380		1200		58		3978		696		432		1015		4664		5395		5500		6992		3094		1027		132		4324		1258		1290		1330		
1600		3952		6840		448		8836		340		5760		3240		2730		5040		2294		1850		8170		6570		3300		1911		1829		1254		1836		2432		1148		1600		3003		3920		576		1920		4800		714		1449		85		1008		750		5148		390		459		4884		4704		
372		2368		5369		3744		7134		1763		5664		1295		116		672		1590		2673		6305		5005		1550		781		1500		153		2240		3036		6308		2640		240		324		2046		969		2640		1290		1580		1596		1073		3496		900		2912		195		516		3696		
8811		2970		240		5226		2500		2520		5220		6188		1368		6555		5394		8010		910		3157		3549		1980		1302		345		8800		2765		4779		4884		4814		2850		3666		1485		343		3960		8742		6195		3692		510		2001		4922		296		1645		720		
