88 37 1
0	89	87	66	71	84	84	60	92	86	92	54	54	88	82	60	60	54	69	98	98	69	63	85	64	89	89	71	64	59	50	59	100	62	91	56	70	80	59	92	58	100	63	61	55	61	82	85	90	85	88	84	82	52	80	61	66	85	55	88	76	78	79	66	85	57	58	74	93	91	78	87	66	56	76	65	79	76	71	63	68	70	72	74	69	64	53	68	
62	0	84	76	87	86	98	73	97	66	73	76	83	70	80	100	57	84	67	77	76	92	50	63	82	77	96	63	99	62	93	85	73	91	51	58	86	86	72	79	88	100	85	64	88	58	50	75	54	58	96	89	88	72	50	79	76	53	77	69	61	69	81	83	86	77	64	91	68	84	65	50	55	76	89	61	52	53	58	86	65	52	74	73	76	72	57	64	
92	85	0	84	66	52	100	77	50	93	51	69	74	79	87	84	77	51	56	99	59	67	81	80	56	78	98	68	92	99	63	62	71	91	95	62	88	85	73	63	83	55	60	55	77	50	58	80	72	54	85	69	92	56	99	51	54	75	89	97	62	68	89	75	88	84	84	88	51	61	61	78	83	81	68	61	61	83	58	87	58	52	83	56	98	74	81	96	
50	80	86	0	52	72	76	89	53	72	99	73	66	72	87	60	58	68	97	99	63	53	56	76	58	76	55	92	68	71	66	86	79	94	88	92	85	69	97	80	68	77	73	70	62	54	71	74	64	55	61	90	76	84	94	62	86	63	69	54	73	61	90	75	50	63	83	71	59	99	56	90	98	58	80	53	67	64	75	92	92	87	66	90	82	52	52	57	
89	53	76	97	0	60	54	85	86	75	63	86	69	60	61	72	73	93	99	72	51	76	51	88	80	91	66	61	77	71	70	100	99	93	94	65	57	100	82	73	97	85	91	77	79	58	98	91	57	52	67	55	54	76	51	78	93	76	84	87	85	51	59	84	67	53	57	96	61	69	79	58	51	85	88	86	53	80	97	97	71	75	92	96	80	86	76	75	
58	99	79	63	77	0	84	54	77	81	84	75	79	80	72	57	75	87	51	52	76	66	51	62	55	69	78	80	81	97	89	76	74	83	85	70	74	74	86	77	64	80	64	85	77	97	62	71	80	89	96	84	91	76	61	57	95	62	83	50	97	64	93	64	98	75	56	71	85	72	55	89	55	72	67	65	88	67	66	52	79	74	60	55	99	94	75	68	
91	58	58	52	57	73	0	95	71	71	83	65	53	91	95	96	95	89	58	79	51	90	76	93	64	94	79	69	91	76	97	71	79	88	94	67	59	87	86	94	53	86	94	68	54	58	71	54	84	78	91	94	89	82	95	94	74	55	69	69	85	56	53	57	74	86	62	69	99	82	84	96	68	93	90	71	53	75	74	72	75	87	97	65	57	55	54	99	
70	62	99	92	60	56	60	0	79	72	79	72	68	69	80	71	57	84	100	85	70	93	91	90	69	50	74	82	82	82	90	69	68	69	67	85	57	64	84	93	66	57	80	50	96	69	76	67	63	64	92	56	82	52	73	69	57	88	83	50	90	78	64	71	66	76	86	92	61	73	69	52	53	60	78	92	71	92	64	59	68	97	80	68	73	82	98	70	
52	72	80	88	94	56	55	83	0	79	83	100	50	96	59	99	76	64	86	80	92	92	83	87	82	67	77	83	66	94	72	96	64	98	55	71	92	99	66	76	77	91	97	83	62	98	80	56	62	95	60	58	92	80	81	92	84	69	94	84	55	50	84	82	73	79	51	67	93	68	83	79	53	87	64	72	58	54	95	100	80	51	85	74	79	95	72	85	
60	74	63	98	62	98	74	56	99	0	61	50	89	52	98	82	79	56	56	92	75	83	75	76	56	96	84	64	69	69	92	62	56	87	83	60	93	51	55	59	68	89	86	83	79	67	58	64	58	61	84	70	95	79	67	72	85	92	90	93	64	63	58	77	53	100	88	56	58	71	89	60	72	51	97	55	63	74	90	63	60	64	69	60	97	88	81	79	
68	96	60	55	90	85	50	88	55	95	0	67	69	60	66	50	96	90	70	87	92	94	56	67	98	68	67	54	79	89	93	75	91	82	72	67	67	64	96	81	87	58	89	62	81	93	66	81	56	69	56	63	56	60	88	53	73	99	61	60	84	54	93	57	56	91	98	52	53	92	57	90	61	70	80	83	52	100	91	71	51	55	99	94	84	92	62	86	
80	61	61	50	72	70	97	51	76	69	93	0	81	66	81	83	82	63	51	100	60	82	78	69	56	72	57	79	77	74	95	54	68	55	65	92	96	92	99	91	90	92	72	82	85	91	73	59	70	97	73	69	76	61	95	100	56	73	85	64	70	87	51	65	59	91	64	86	70	90	86	79	82	90	50	82	67	74	75	77	66	93	57	70	69	93	52	73	
89	64	99	100	100	87	67	90	60	80	77	62	0	79	76	88	81	100	90	78	57	55	76	62	79	67	84	53	93	94	66	57	87	83	70	79	78	75	81	97	81	63	52	81	67	51	58	81	71	78	87	69	68	69	54	79	71	55	66	84	78	94	77	99	53	74	55	100	78	85	56	74	53	72	96	72	93	100	78	56	93	59	83	83	99	73	58	57	
64	99	80	93	53	97	98	73	64	73	71	94	60	0	88	91	84	86	84	66	58	85	96	58	50	58	59	60	84	84	76	66	73	66	54	94	72	57	83	98	94	83	60	58	50	58	55	68	78	99	62	51	51	95	95	96	77	58	74	91	97	79	77	74	88	66	58	76	69	92	99	50	65	73	95	93	62	87	92	71	86	70	76	76	54	70	89	63	
65	59	88	81	82	66	57	59	73	77	58	97	70	51	0	78	100	57	67	65	68	58	66	69	82	80	51	67	53	77	75	64	62	72	83	66	50	99	55	66	98	67	58	100	55	52	99	90	61	55	62	72	62	64	78	94	93	84	78	88	96	93	88	61	100	63	69	65	88	100	89	71	82	73	55	59	94	75	97	95	64	82	99	77	92	52	59	99	
89	94	51	76	69	99	59	61	80	95	78	54	89	89	86	0	95	53	100	63	75	85	88	98	85	96	58	91	64	74	96	85	70	58	96	60	77	69	63	91	62	83	67	76	73	80	84	51	91	69	77	99	88	90	88	73	70	62	85	60	83	70	64	67	65	85	98	89	96	51	99	52	70	58	90	50	80	96	55	77	53	78	69	74	69	70	78	97	
85	80	50	64	69	88	78	78	63	55	58	68	91	63	59	71	0	77	53	73	69	55	75	56	61	72	68	100	95	67	72	90	100	65	79	78	57	75	75	87	54	61	58	69	69	63	58	93	62	95	90	99	62	64	78	86	76	74	67	93	71	51	96	98	79	100	70	79	91	70	52	77	56	79	99	84	60	78	92	64	65	99	100	79	66	76	54	91	
84	80	60	60	58	64	60	90	94	90	54	58	62	88	76	69	94	0	80	89	100	98	91	89	85	92	82	89	70	79	71	90	74	85	91	78	65	79	74	95	71	63	73	50	83	54	78	84	84	88	83	100	64	89	50	54	53	97	60	89	62	64	87	65	74	96	97	95	62	88	84	73	74	60	75	95	92	98	99	96	57	63	70	89	89	89	73	71	
82	83	87	92	63	89	59	56	90	100	53	71	92	82	98	71	98	90	0	62	92	52	61	54	93	52	98	92	94	76	88	100	71	60	70	55	68	54	60	69	92	95	99	91	71	91	86	73	71	80	80	84	100	87	50	81	56	95	84	66	62	73	84	63	57	85	80	85	53	94	60	61	87	90	98	86	87	59	60	51	92	88	61	71	63	84	92	52	
81	82	73	55	86	50	71	77	55	82	72	51	62	66	82	69	77	89	54	0	52	59	73	92	67	68	93	90	64	91	85	95	94	71	59	78	77	67	86	99	62	57	62	90	91	70	94	80	51	88	74	99	68	87	58	94	65	84	57	64	96	51	80	98	92	78	60	51	79	82	57	53	65	79	68	60	51	88	53	64	89	69	65	68	99	81	85	67	
57	76	78	85	85	91	73	87	58	66	50	72	91	97	78	78	79	100	87	55	0	72	74	77	79	57	87	76	67	79	51	96	88	75	70	73	58	85	51	85	58	62	98	87	91	64	66	83	92	71	72	72	53	69	82	76	60	87	85	76	68	75	56	71	91	51	77	55	87	82	78	76	86	76	86	99	85	98	69	82	59	74	65	85	85	93	75	90	
59	72	61	51	76	94	67	73	84	59	80	68	91	71	52	93	57	97	93	91	51	0	64	87	55	92	89	50	90	80	50	77	81	51	65	79	66	83	91	87	87	85	56	88	66	50	55	79	95	60	81	62	94	54	69	80	90	69	83	90	53	100	80	99	66	94	62	74	58	94	86	52	53	90	59	52	62	84	59	83	67	63	66	51	99	61	83	61	
97	53	90	64	83	69	59	87	63	77	51	64	74	97	99	79	95	67	94	50	59	65	0	76	91	61	77	59	59	82	95	75	64	57	67	59	85	54	52	68	62	65	79	69	67	94	64	96	66	88	83	90	97	76	90	91	65	79	66	55	53	85	59	72	76	66	77	100	81	50	100	76	82	81	59	64	58	72	97	57	70	94	59	88	90	94	92	66	
79	80	54	91	55	71	87	66	83	75	75	95	58	73	63	70	73	98	98	74	58	84	76	0	80	70	87	100	67	69	99	92	55	56	55	90	90	89	69	67	57	62	54	51	56	85	86	54	79	97	79	80	100	79	53	63	69	63	62	91	100	64	56	52	82	79	83	77	67	96	94	53	58	93	74	98	54	80	56	72	56	70	56	83	71	84	63	74	
79	89	59	61	57	82	80	74	54	51	67	90	96	71	97	63	62	70	90	57	79	80	91	84	0	91	83	78	69	88	59	56	78	79	85	80	63	89	55	69	52	56	52	58	90	67	64	92	61	56	75	63	65	64	55	76	57	99	91	96	85	65	61	83	58	60	85	55	54	51	56	59	61	93	93	64	68	74	60	83	85	52	88	61	50	95	62	86	
59	53	94	82	52	79	97	97	95	68	66	77	58	99	58	86	100	58	82	83	97	53	89	59	72	0	56	75	67	69	68	82	86	97	89	50	94	75	71	70	83	77	81	69	74	97	89	89	63	89	54	83	78	96	65	53	57	74	86	50	88	81	53	81	85	75	100	89	79	89	51	65	73	99	71	57	60	68	92	80	59	79	91	52	73	89	70	72	
66	65	96	65	76	81	57	62	98	100	75	95	75	50	64	100	96	51	52	52	96	57	77	97	65	64	0	54	98	72	83	72	79	98	76	75	68	85	77	71	52	90	55	98	79	84	82	55	91	53	82	76	58	69	87	83	84	55	87	80	97	60	53	79	68	99	58	91	63	96	78	52	74	100	85	56	91	74	50	60	53	71	50	55	99	71	80	96	
66	51	90	81	61	70	63	73	60	69	82	100	79	62	71	85	60	63	98	51	68	74	56	85	61	64	56	0	84	86	86	90	63	70	100	57	60	56	57	92	53	64	81	79	67	98	68	75	57	63	76	79	94	65	98	50	93	61	96	63	98	62	95	55	68	76	50	71	66	64	79	92	97	97	94	55	96	76	93	56	56	82	57	85	82	94	94	63	
81	51	76	98	68	97	78	99	65	87	79	73	59	58	89	78	77	67	51	74	88	99	74	92	90	57	51	68	0	68	87	83	66	67	62	56	91	67	55	96	59	76	61	76	60	59	53	75	100	75	76	68	68	66	64	81	73	100	75	94	97	92	72	51	63	86	57	98	94	81	97	91	96	98	51	69	58	63	64	64	77	61	50	57	51	55	81	60	
57	58	81	78	69	80	73	85	87	65	57	95	55	82	99	80	56	82	56	97	95	51	80	84	51	80	61	91	58	0	53	58	74	91	84	75	57	76	96	72	61	74	62	91	61	64	83	60	61	66	54	68	50	94	93	60	85	75	63	76	98	55	64	78	60	55	95	93	81	50	92	61	51	93	95	82	82	50	94	62	54	62	93	72	76	80	74	88	
50	63	58	94	78	92	99	75	85	81	85	51	63	59	71	100	61	57	71	59	55	67	71	84	73	65	82	69	88	74	0	82	78	53	72	73	80	81	74	99	61	57	76	71	99	100	71	91	84	77	60	65	89	97	59	51	57	65	87	66	74	100	89	72	51	83	83	58	55	62	89	76	72	76	57	83	80	57	92	96	80	86	60	53	74	69	85	93	
70	62	95	62	58	89	97	91	78	77	74	52	77	89	80	96	58	51	86	76	70	52	50	53	52	55	99	69	62	50	68	0	91	97	66	77	67	95	82	77	68	61	57	96	52	61	81	61	78	59	71	59	82	89	85	51	62	77	92	73	82	99	87	96	67	79	99	99	80	82	51	75	78	88	64	69	75	72	65	97	50	66	88	100	71	54	50	94	
73	74	72	67	84	51	78	65	70	89	75	77	65	78	94	69	67	57	94	100	55	63	50	79	94	81	54	91	96	99	88	60	0	58	100	83	67	89	61	78	78	66	54	78	60	70	97	56	75	55	68	79	88	69	84	55	72	97	78	97	86	83	85	51	90	63	93	56	90	56	73	88	75	50	76	81	50	64	72	59	97	97	89	72	75	53	54	81	
98	51	86	71	75	70	54	63	68	62	68	94	58	74	54	53	98	63	69	59	81	100	60	79	73	58	68	50	88	67	54	73	85	0	61	82	59	96	91	93	62	50	78	73	63	76	72	95	52	68	96	76	82	51	99	53	68	77	93	72	99	73	93	50	94	93	50	55	68	50	81	83	87	82	63	80	74	52	57	88	75	96	65	94	99	55	79	57	
86	72	89	94	87	86	70	91	91	92	76	70	79	72	87	87	63	98	87	85	71	71	93	51	55	95	84	71	64	94	62	85	83	71	0	81	74	66	56	76	70	71	74	90	67	93	52	50	70	78	81	91	71	68	71	90	55	74	74	74	79	50	54	66	69	62	82	98	59	72	53	81	80	94	95	90	91	52	90	54	57	70	60	53	65	89	81	61	
99	78	95	78	88	82	61	61	71	75	55	87	72	97	89	56	89	92	52	98	91	59	78	56	53	77	63	57	79	99	82	54	96	57	88	0	75	71	98	56	89	90	98	57	78	63	96	89	71	54	73	71	87	83	90	83	81	65	78	100	84	62	88	50	80	68	92	59	60	83	95	81	65	86	66	89	73	56	57	60	91	93	64	90	94	84	90	88	
61	89	79	89	96	100	99	96	91	85	94	71	96	51	82	75	92	63	78	75	89	50	76	64	82	91	53	91	71	77	84	75	68	98	75	66	0	97	98	74	72	76	52	56	86	63	56	88	90	93	73	84	60	67	73	79	90	96	58	79	100	54	69	83	67	72	60	70	91	82	72	52	64	61	68	65	76	59	67	62	92	90	77	73	69	100	54	58	
55	59	63	95	78	88	95	64	95	58	62	88	91	91	92	56	72	97	87	89	61	67	79	79	94	59	84	79	72	100	59	85	79	90	72	63	73	0	71	90	67	57	96	83	56	89	57	66	98	77	69	56	97	69	87	58	78	100	94	99	59	58	94	69	61	91	96	54	77	63	64	96	90	63	64	52	61	69	97	89	51	61	77	67	80	84	73	74	
78	60	89	81	72	96	78	63	64	89	53	90	77	58	92	90	78	90	63	94	95	65	92	73	80	95	95	94	75	96	64	89	89	88	58	99	67	63	0	89	100	92	80	77	56	75	69	70	61	67	100	100	57	72	91	78	93	98	96	63	66	100	50	54	58	97	51	94	84	86	85	51	100	72	65	54	93	54	54	95	73	65	99	54	75	66	84	87	
70	59	98	81	53	99	57	76	89	60	77	97	62	92	53	54	75	79	52	76	72	72	59	54	81	80	76	69	84	69	77	53	85	76	95	95	96	75	67	0	96	52	77	64	100	60	88	100	65	80	93	62	60	89	97	54	98	96	57	72	83	62	72	92	86	75	63	62	74	84	92	100	98	71	79	74	79	84	55	82	84	65	88	85	93	66	87	64	
64	83	67	82	51	56	74	83	66	65	68	57	79	89	91	82	70	87	63	73	83	75	53	93	74	65	93	77	68	61	70	100	80	81	94	55	53	85	57	70	0	90	59	66	80	95	54	79	52	76	95	87	86	76	54	92	88	73	98	75	69	56	71	96	71	98	52	63	73	56	55	75	89	58	90	91	76	62	82	60	79	67	50	88	81	76	96	86	
93	82	74	56	87	50	50	59	55	76	61	67	54	97	52	74	59	74	68	79	67	75	58	64	99	51	73	93	61	77	66	93	88	67	89	85	77	78	69	66	100	0	62	76	78	86	62	64	82	59	74	98	58	96	91	96	85	80	79	65	57	78	70	61	98	93	65	83	67	88	100	91	80	100	89	59	84	93	88	74	62	89	98	80	57	53	76	77	
98	54	81	97	52	61	91	61	86	70	74	99	68	75	63	70	93	56	58	92	87	75	100	95	86	66	100	59	63	95	63	95	95	59	55	59	68	70	92	50	87	79	0	95	86	69	80	61	97	88	63	89	55	69	79	68	65	52	56	50	71	68	57	55	72	90	64	85	58	94	76	60	55	65	59	59	52	74	85	56	58	89	89	70	88	60	69	83	
68	50	55	64	55	76	69	69	60	100	64	71	62	87	76	50	53	81	77	73	97	65	96	72	93	59	65	91	91	60	80	71	68	53	61	66	88	67	92	59	86	91	50	0	54	96	95	80	80	72	50	90	73	64	75	82	97	79	90	75	53	68	64	72	95	97	84	51	67	50	78	97	58	89	89	66	67	84	58	74	82	57	64	83	100	73	98	66	
76	75	91	78	93	83	67	85	53	57	72	72	77	80	79	75	65	100	70	80	65	53	71	89	86	87	93	80	81	87	79	63	70	57	98	79	71	63	90	91	60	70	63	54	0	51	100	91	77	55	88	56	76	68	62	96	91	69	69	59	60	99	97	86	99	86	74	76	78	78	83	53	57	54	94	92	100	83	76	68	89	85	54	90	60	93	62	97	
58	50	98	77	97	58	85	91	51	55	87	57	72	51	54	74	98	81	90	54	100	99	69	66	96	90	100	52	78	94	61	58	70	64	100	73	52	82	61	65	94	57	90	62	57	0	74	56	98	60	70	70	69	64	70	87	74	90	80	63	59	87	91	75	89	56	70	54	68	57	57	57	98	93	81	70	97	89	54	77	88	77	81	86	56	92	78	58	
67	80	61	61	62	57	90	82	84	83	88	90	60	86	52	59	62	83	75	53	89	52	72	90	96	75	96	64	100	55	73	56	90	61	51	80	64	74	88	57	88	83	85	77	75	61	0	75	72	78	65	54	54	69	81	57	92	52	60	66	84	95	68	88	55	67	54	64	85	98	68	57	54	81	97	64	54	67	65	74	53	53	99	97	85	99	85	87	
61	75	71	89	79	92	81	63	67	75	70	61	60	66	86	51	55	58	87	74	73	54	94	74	51	76	96	91	69	60	77	63	79	82	77	98	86	57	78	81	73	97	63	68	86	52	62	0	86	94	91	68	85	93	54	99	100	70	83	67	52	74	98	73	57	82	72	51	73	83	67	66	69	82	93	83	79	84	69	69	77	95	52	98	68	92	94	70	
66	92	52	91	52	94	70	61	90	94	72	56	70	55	65	66	64	71	92	79	51	84	54	86	65	71	100	74	55	95	80	72	91	56	93	64	77	60	84	93	96	50	92	92	54	91	74	100	0	82	94	76	54	72	93	67	87	61	93	50	52	64	87	85	91	59	78	86	56	71	79	98	62	86	88	86	56	84	99	81	88	54	90	56	53	67	84	83	
61	58	72	95	88	80	60	76	86	50	67	82	51	51	89	92	87	80	60	82	76	54	78	63	55	90	94	53	65	75	60	52	83	53	64	66	91	59	89	78	70	66	83	65	55	74	74	74	91	0	99	100	73	78	52	94	50	60	79	76	85	54	55	67	72	63	68	71	97	87	50	71	92	100	50	99	58	69	57	71	84	61	86	88	66	68	99	83	
53	99	84	50	79	67	60	56	99	77	93	67	73	93	95	60	71	98	52	92	76	87	90	89	62	79	58	94	100	54	61	78	67	67	76	85	76	68	88	61	58	61	81	97	91	58	94	97	86	59	0	81	76	53	98	85	53	65	75	88	94	75	86	76	76	55	68	51	97	84	92	94	93	94	79	97	85	76	78	92	85	99	74	62	50	75	59	75	
58	88	70	68	62	97	75	83	98	68	79	75	91	100	77	98	55	83	63	61	52	82	91	72	98	95	75	66	87	92	78	95	80	70	60	61	70	71	94	79	89	77	82	74	76	53	87	89	69	52	77	0	94	94	79	68	58	91	81	83	87	72	60	54	86	91	89	75	63	82	65	94	80	96	54	67	84	65	85	58	94	97	99	65	97	81	54	75	
52	61	72	92	98	78	64	97	60	57	61	81	95	89	81	66	70	94	53	54	87	57	79	98	52	53	67	52	77	81	97	55	97	90	97	70	86	53	53	73	51	74	68	97	99	66	81	90	82	76	99	83	0	80	59	94	61	75	57	78	89	71	61	82	62	55	82	75	61	94	71	97	76	53	84	77	90	64	94	62	80	64	69	56	66	61	75	95	
58	57	98	97	74	85	56	98	86	94	65	76	53	95	77	63	96	80	64	61	82	88	83	81	71	78	61	54	95	100	89	78	69	56	60	72	85	56	86	93	87	60	82	88	82	99	67	57	72	83	69	63	70	0	94	82	100	81	94	66	51	50	89	51	66	91	97	50	73	59	98	94	66	77	65	63	92	97	72	70	70	75	73	72	75	58	94	84	
61	98	69	71	59	64	61	95	85	92	90	50	76	69	64	96	100	66	58	75	87	81	82	56	91	78	87	50	59	56	61	88	75	79	77	83	98	92	75	62	53	59	60	69	95	52	93	92	88	50	54	75	53	86	0	95	57	96	61	57	91	73	50	94	66	99	92	89	61	79	89	78	92	55	81	64	64	71	54	100	89	68	80	68	73	74	89	59	
81	61	81	69	52	77	80	73	89	62	62	73	55	96	64	88	52	75	70	70	74	81	93	95	80	87	63	89	61	69	99	68	52	67	91	85	80	87	93	75	75	85	97	87	68	55	79	66	99	52	53	52	65	78	61	0	61	79	96	84	58	56	69	84	87	97	64	77	83	79	71	71	55	77	50	96	58	78	100	62	88	99	55	72	53	66	50	65	
97	66	86	51	55	50	71	76	95	76	98	68	71	66	51	64	59	77	71	100	97	90	55	82	70	62	59	62	88	79	97	56	60	59	82	54	52	76	93	80	89	79	83	94	85	86	98	60	84	84	53	73	85	85	100	63	0	54	93	74	69	76	94	97	54	53	83	85	56	99	55	69	83	98	85	81	88	62	70	53	96	56	95	93	81	88	72	58	
97	86	73	54	57	97	96	80	53	52	84	62	96	58	91	88	85	99	57	78	85	76	52	58	96	99	91	70	86	92	77	61	54	65	71	76	76	81	56	53	52	61	94	51	53	75	92	68	65	68	92	59	56	56	61	82	88	0	67	72	80	54	56	67	83	72	71	77	71	70	89	94	52	63	78	67	54	82	73	72	99	54	54	60	94	92	68	75	
83	70	66	54	75	74	84	93	70	75	91	78	96	100	67	80	80	63	66	74	59	80	62	91	81	66	63	58	54	80	80	93	99	58	73	51	78	77	54	98	52	90	88	76	63	61	89	74	76	63	75	96	80	51	86	65	53	86	0	94	100	61	62	91	77	64	50	61	98	68	95	97	100	81	83	98	53	78	62	54	60	71	51	97	67	57	74	52	
94	98	86	80	93	88	74	51	73	56	89	89	62	83	64	90	95	51	95	92	90	75	99	95	62	70	96	77	58	98	50	58	62	72	69	69	66	50	59	68	54	68	56	77	99	83	99	96	83	87	57	87	59	98	54	69	58	100	74	0	80	56	79	74	66	95	84	99	52	52	94	62	71	85	91	89	88	71	94	70	59	54	78	51	79	76	98	58	
87	84	87	75	61	93	52	67	85	52	93	53	75	98	87	84	53	76	88	79	86	65	87	69	65	73	99	93	94	92	100	76	64	100	74	86	72	82	88	56	53	72	53	74	86	62	71	69	99	81	77	60	86	82	82	71	56	73	85	68	0	79	82	86	66	73	79	76	78	96	73	67	68	59	92	75	93	76	83	65	75	73	58	81	55	62	84	78	
84	51	64	91	58	78	75	66	53	79	56	64	85	91	85	92	65	86	69	62	97	91	81	63	76	97	53	100	65	60	83	72	84	71	91	53	94	80	59	74	71	87	85	91	66	96	67	65	50	54	94	95	84	81	98	61	97	92	66	72	64	0	87	65	81	58	87	89	98	69	64	84	92	76	91	93	80	79	73	67	79	82	55	94	84	98	100	94	
100	68	58	83	50	66	98	56	91	85	92	79	83	92	99	100	95	79	81	81	62	71	68	87	58	97	69	54	79	69	61	97	61	100	98	61	78	54	57	63	74	59	92	64	85	95	89	89	51	70	76	81	70	50	83	85	91	77	70	73	53	54	0	94	62	95	80	81	67	63	63	99	75	84	71	52	72	64	91	94	89	100	70	95	73	67	97	81	
70	55	77	82	76	98	73	93	50	61	90	73	79	59	99	69	50	63	58	83	76	71	58	58	84	58	68	95	88	59	52	59	76	69	79	97	60	57	55	55	59	52	88	61	97	85	96	71	98	79	84	69	52	82	62	52	67	71	94	78	95	61	51	0	79	62	68	81	63	91	72	75	68	93	58	84	56	60	77	59	58	93	53	79	72	55	69	89	
73	74	78	58	50	63	85	80	72	76	95	80	88	51	71	90	95	88	74	64	76	54	98	50	93	85	78	97	56	87	60	64	100	95	87	65	74	69	81	81	66	90	66	90	75	65	67	91	68	99	58	98	86	92	62	86	93	78	56	79	77	91	71	90	0	83	93	67	66	59	67	94	83	53	71	79	74	83	97	74	53	75	86	73	51	63	76	93	
63	61	82	74	67	66	81	81	55	89	91	64	96	88	62	86	91	72	61	94	52	51	67	53	62	81	89	63	95	77	98	87	53	60	98	99	99	91	75	55	86	80	96	53	50	79	75	96	97	95	55	51	93	92	98	77	50	50	98	53	71	71	81	55	76	0	60	87	90	67	93	88	67	88	98	60	55	97	82	77	66	64	65	72	88	81	93	72	
74	53	96	62	95	55	80	84	85	67	76	69	87	75	74	74	98	53	63	69	93	96	55	67	80	65	52	57	80	97	84	99	72	84	94	55	70	79	54	64	98	67	100	81	99	82	75	86	95	55	58	91	89	88	87	52	92	99	74	71	66	52	98	76	56	83	0	76	60	81	75	55	54	74	80	87	90	53	55	85	64	70	64	54	57	58	72	93	
76	77	57	89	79	67	100	99	78	62	72	74	61	63	78	54	59	50	90	98	53	86	71	88	93	81	61	50	99	99	77	78	65	67	75	97	96	85	57	57	69	100	87	83	96	90	59	87	81	86	75	56	82	61	95	94	94	52	80	88	55	63	98	80	61	70	99	0	100	90	79	80	97	85	69	76	96	99	74	81	52	84	65	61	57	74	89	64	
85	51	51	100	69	59	68	98	94	51	90	73	76	86	71	74	60	65	74	93	74	70	91	77	54	67	60	97	67	56	56	76	54	78	70	93	79	99	65	57	94	54	99	89	56	77	99	92	74	65	77	95	64	84	63	74	82	95	82	81	59	81	75	75	82	88	82	58	0	75	96	90	66	88	87	60	61	55	93	94	65	66	97	62	68	68	94	79	
74	57	71	58	66	88	52	91	87	63	82	75	62	92	57	75	65	94	91	67	73	94	99	81	96	70	96	58	95	96	90	98	73	53	91	77	72	94	60	52	99	99	99	88	78	87	98	64	69	94	93	74	73	58	91	72	74	60	83	63	91	55	68	88	67	100	80	64	95	0	59	76	78	80	56	85	90	70	51	69	68	71	60	60	99	55	83	56	
51	98	84	97	71	56	60	55	63	65	65	75	52	50	65	59	89	69	60	82	60	52	77	94	76	75	91	93	53	58	90	97	83	54	100	60	57	72	92	55	63	100	82	93	83	77	61	58	85	67	90	71	78	79	98	82	50	51	81	83	61	79	93	89	82	74	59	75	92	87	0	77	62	66	70	59	85	99	73	63	93	100	52	80	76	81	55	66	
69	69	67	85	80	82	91	56	89	75	98	71	61	94	90	62	75	90	74	88	66	66	62	53	50	53	84	62	94	59	77	69	97	77	77	95	63	100	91	58	74	62	77	58	67	90	60	69	93	71	62	98	90	66	54	61	75	57	95	79	79	70	100	94	82	97	86	53	69	84	66	0	75	56	72	76	92	63	77	86	92	74	52	95	86	86	71	53	
73	51	50	54	81	55	62	71	63	89	77	94	72	61	93	89	81	80	97	50	66	76	73	89	56	73	95	94	95	78	89	65	94	74	69	85	62	61	78	85	96	82	59	78	54	64	88	90	97	53	52	55	91	66	75	71	68	89	94	57	51	65	71	70	58	72	97	82	60	63	86	64	0	66	89	69	73	94	59	58	98	52	85	94	77	79	61	99	
93	76	78	63	58	61	73	58	58	83	97	81	93	94	87	66	78	89	83	88	69	85	86	87	82	69	81	58	92	53	82	69	61	88	71	51	75	90	79	80	71	55	81	62	100	65	62	96	72	87	80	62	93	59	67	62	75	54	90	81	62	93	74	51	61	72	95	91	52	80	99	51	76	0	91	57	81	94	57	85	51	96	94	63	92	91	50	90	
69	83	61	66	57	56	58	80	83	69	94	100	68	50	62	83	89	67	57	86	86	94	52	80	60	83	85	86	58	77	75	98	63	57	92	73	53	73	57	74	65	51	94	53	73	96	88	95	82	63	90	54	63	94	93	63	51	66	92	82	78	80	95	80	52	57	93	50	66	86	74	82	75	72	0	80	58	57	71	74	63	80	98	50	54	74	91	97	
60	54	90	94	80	83	53	72	59	65	54	77	82	78	95	66	97	60	94	51	69	82	91	61	57	78	53	93	88	72	61	57	85	75	66	85	54	63	66	50	62	68	52	50	78	88	56	78	68	86	67	72	79	51	94	57	82	100	83	69	98	55	69	91	70	78	58	63	70	70	77	56	63	96	99	0	61	80	83	98	86	80	57	68	56	60	60	50	
70	56	79	65	97	60	72	69	53	97	53	52	88	76	75	60	62	91	52	94	95	73	54	50	88	52	85	92	76	66	99	82	66	55	60	80	85	82	81	55	91	58	66	78	60	89	60	68	62	100	94	97	96	60	88	98	64	99	59	71	85	83	80	61	96	73	78	72	80	62	59	99	52	50	74	56	0	78	70	50	94	95	62	64	97	52	100	75	
51	60	99	92	62	68	75	71	90	95	61	63	71	85	72	93	56	60	62	60	94	96	85	53	74	61	94	69	84	92	86	67	65	81	61	64	99	97	88	97	83	74	57	83	55	50	69	60	67	75	56	89	67	84	94	69	81	75	54	99	55	98	99	66	76	86	96	68	52	64	59	53	59	56	72	97	53	0	54	69	57	91	83	83	85	90	55	94	
51	88	73	100	63	89	83	94	53	54	61	62	65	75	66	53	79	93	51	75	63	75	74	55	93	50	98	90	91	67	59	70	53	89	61	93	64	65	93	76	86	94	61	87	80	100	68	59	98	94	56	94	62	88	78	84	92	86	51	62	92	66	76	64	64	94	91	96	59	62	77	87	59	56	70	96	72	86	0	87	57	75	79	79	91	86	87	96	
60	68	75	83	71	77	71	98	76	96	80	76	59	89	93	83	98	50	94	89	52	91	78	82	79	83	76	83	79	51	69	85	73	98	96	51	75	71	100	53	97	60	97	86	93	51	96	69	63	51	85	59	56	61	55	67	54	69	69	66	82	96	74	97	97	65	67	75	84	84	82	68	98	64	51	63	61	84	85	0	91	55	58	93	58	56	79	64	
57	87	88	57	100	57	70	82	98	51	55	94	79	88	88	95	58	54	82	54	76	94	90	86	58	62	52	55	96	65	90	89	63	90	86	99	88	99	83	71	56	85	98	59	100	54	81	58	100	81	85	50	93	94	58	84	62	96	50	68	98	69	89	94	77	97	78	87	54	94	73	75	99	77	100	65	53	54	66	74	0	98	74	78	50	89	72	62	
62	51	65	75	81	89	51	96	78	64	67	63	88	80	58	50	75	72	82	92	96	89	86	91	82	99	96	63	64	63	72	95	58	75	54	97	66	77	100	61	79	59	65	72	68	59	75	68	84	93	63	57	56	67	83	93	66	97	54	79	61	73	74	89	50	61	90	93	84	67	93	83	74	57	90	82	84	91	84	93	99	0	94	76	54	56	65	83	
63	97	79	99	57	82	55	83	91	55	67	86	59	59	83	54	67	68	85	64	60	96	100	69	79	86	100	71	96	57	52	91	63	61	92	67	75	55	94	77	65	70	69	66	65	77	91	69	67	97	97	100	97	59	63	51	100	100	66	77	69	71	78	53	58	99	82	82	71	70	99	69	56	67	73	92	73	87	76	86	57	87	0	60	82	94	100	76	
97	78	80	73	92	84	54	65	89	93	72	74	53	63	95	86	99	60	64	69	86	77	77	88	74	72	57	82	91	62	89	93	52	65	96	63	76	66	71	50	89	95	54	54	92	70	91	90	81	54	97	92	100	94	54	56	63	94	71	80	82	62	97	57	81	90	86	69	53	90	59	87	93	83	89	80	75	70	84	79	92	84	88	0	81	64	75	98	
64	50	94	92	63	95	90	85	93	57	83	69	57	74	50	78	56	85	100	61	55	74	88	80	89	88	61	54	57	80	65	73	95	79	76	97	68	62	66	56	58	75	97	65	78	52	88	73	100	59	99	51	91	83	86	57	94	57	68	80	80	70	70	59	76	61	83	89	53	94	64	90	76	88	53	97	72	95	58	80	59	78	75	59	0	81	52	80	
69	84	78	51	95	89	98	53	83	76	99	54	76	78	66	59	51	53	69	65	83	60	64	51	58	76	51	71	96	60	98	68	78	81	60	92	88	93	73	88	81	51	68	50	81	54	64	85	85	76	50	87	78	50	81	84	59	76	100	61	61	83	81	75	50	64	78	68	71	72	50	100	99	93	50	94	98	99	61	100	76	63	100	74	97	0	65	90	
56	79	58	90	70	100	94	50	75	84	79	50	73	100	89	100	69	99	61	89	61	98	75	97	57	73	92	99	51	55	70	85	77	53	95	87	98	100	81	75	81	85	89	95	79	82	77	64	68	59	68	93	77	63	75	72	73	80	90	85	54	60	86	50	59	66	50	63	74	95	84	87	94	95	79	78	50	91	62	72	79	62	82	90	75	67	0	71	
95	66	90	94	88	97	60	77	64	60	90	90	59	68	84	53	58	75	89	53	98	64	80	93	56	75	67	82	79	52	83	57	69	93	60	80	50	99	72	63	57	97	52	55	79	73	50	94	72	90	55	82	87	78	70	50	88	83	72	94	99	94	99	51	92	89	64	78	94	85	97	63	80	91	74	85	61	89	86	58	55	75	84	52	77	81	84	0	
26	39	71	55	88	39	71	40	39	35	58	81	77	62	59	80	9	22	66	56	85	63	13	89	30	62	42	27	77	17	44	29	61	19	26	54	81	
39	26	55	26	50	31	64	16	47	41	24	57	45	23	45	41	46	16	55	30	56	32	39	50	23	30	25	29	57	54	5	47	27	55	38	27	46	
71	55	26	78	80	85	18	70	40	40	72	108	31	57	100	59	71	60	109	25	103	81	61	71	75	32	32	44	110	87	55	95	36	91	48	29	85	
55	26	78	26	39	23	89	15	73	66	9	31	60	26	24	42	63	35	33	53	31	8	60	45	26	48	51	54	32	65	23	48	45	64	62	49	28	
88	50	80	39	26	62	96	50	93	87	32	46	50	28	58	21	96	66	64	59	34	32	90	12	63	48	66	78	52	101	45	86	46	101	87	56	14	
39	31	85	23	62	26	92	16	68	62	30	42	74	44	21	62	48	28	29	61	48	30	48	67	11	60	54	49	39	46	32	25	57	43	55	57	51	
71	64	18	89	96	92	26	79	33	36	84	120	49	72	109	76	68	65	118	38	116	94	58	88	81	48	38	45	121	85	66	97	51	89	45	41	100	
40	16	70	15	50	16	79	26	60	53	18	44	58	29	30	48	48	20	39	46	46	23	45	54	13	44	41	41	44	51	16	37	41	51	48	42	42	
39	47	40	73	93	68	33	60	26	7	71	104	60	65	88	77	35	41	97	39	104	80	26	89	57	49	27	19	103	52	52	68	50	57	14	40	92	
35	41	40	66	87	62	36	53	7	26	64	97	56	59	81	72	32	34	90	34	97	73	22	83	51	45	22	12	96	49	45	62	46	53	9	35	86	
58	24	72	9	32	30	84	18	71	64	26	36	52	17	33	33	66	36	42	47	33	10	61	37	31	41	47	53	38	70	19	54	37	69	62	43	24	
81	57	108	31	46	42	120	44	104	97	36	26	85	51	24	60	90	65	23	83	13	26	89	57	51	76	82	85	7	87	54	64	73	85	92	79	32	
77	45	31	60	50	74	49	58	60	56	52	85	26	35	84	29	80	58	93	22	78	61	70	40	68	15	36	53	89	93	42	91	17	95	61	23	58	
62	23	57	26	28	44	72	29	65	59	17	51	35	26	50	19	69	40	59	34	45	26	62	27	41	25	38	49	55	77	18	66	22	77	59	30	28	
59	45	100	24	58	21	109	30	88	81	33	24	84	50	26	65	68	47	9	75	34	26	69	66	31	72	71	69	19	64	45	40	68	61	75	72	44	
80	41	59	42	21	62	76	48	77	72	33	60	29	19	65	26	86	57	73	40	51	39	78	12	60	29	50	64	65	95	36	85	27	95	73	38	30	
9	46	71	63	96	48	68	48	35	32	66	90	80	69	68	86	26	30	76	59	94	71	10	96	39	66	44	28	87	17	51	37	65	22	23	57	89	
22	16	60	35	66	28	65	20	41	34	36	65	58	40	47	57	30	26	56	39	67	43	25	67	17	43	28	22	63	37	22	35	41	39	28	36	60	
66	55	109	33	64	29	118	39	97	90	42	23	93	59	9	73	76	56	26	85	35	34	77	73	39	81	80	78	17	70	54	44	77	66	84	81	50	
56	30	25	53	59	61	38	46	39	34	47	83	22	34	75	40	59	39	85	26	78	57	49	52	52	11	14	31	85	72	30	74	13	75	39	4	62	
85	56	103	31	34	48	116	46	104	97	33	13	78	45	34	51	94	67	35	78	26	24	91	46	55	71	80	85	20	94	52	72	67	92	94	75	21	
63	32	81	8	32	30	94	23	80	73	10	26	61	26	26	39	71	43	34	57	24	26	68	40	34	50	57	61	29	73	29	55	47	72	70	53	21	
13	39	61	60	90	48	58	45	26	22	61	89	70	62	69	78	10	25	77	49	91	68	26	89	38	57	34	17	86	27	45	42	56	31	13	48	85	
89	50	71	45	12	67	88	54	89	83	37	57	40	27	66	12	96	67	73	52	46	40	89	26	67	41	62	75	63	103	45	91	39	104	84	50	25	
30	23	75	26	63	11	81	13	57	51	31	51	68	41	31	60	39	17	39	52	55	34	38	67	26	53	44	39	48	40	26	25	50	38	44	49	54	
62	30	32	48	48	60	48	44	49	45	41	76	15	25	72	29	66	43	81	11	71	50	57	41	53	26	23	40	79	79	28	77	4	81	48	10	53	
42	25	32	51	66	54	38	41	27	22	47	82	36	38	71	50	44	28	80	14	80	57	34	62	44	23	26	17	83	59	28	63	24	62	25	14	66	
27	29	44	54	78	49	45	41	19	12	53	85	53	49	69	64	28	22	78	31	85	61	17	75	39	40	17	26	84	43	34	52	40	47	9	30	75	
77	57	110	32	52	39	121	44	103	96	38	7	89	55	19	65	87	63	17	85	20	29	86	63	48	79	83	84	26	83	55	59	75	80	91	81	38	
17	54	87	65	101	46	85	51	52	49	70	87	93	77	64	95	17	37	70	72	94	73	27	103	40	79	59	43	83	26	59	26	77	5	40	71	93	
44	5	55	23	45	32	66	16	52	45	19	54	42	18	45	36	51	22	54	30	52	29	45	45	26	28	28	34	55	59	26	51	25	59	43	27	41	
29	47	95	48	86	25	97	37	68	62	54	64	91	66	40	85	37	35	44	74	72	55	42	91	25	77	63	52	59	26	51	26	74	22	54	71	76	
61	27	36	45	46	57	51	41	50	46	37	73	17	22	68	27	65	41	77	13	67	47	56	39	50	4	24	40	75	77	25	74	26	79	48	11	49	
19	55	91	64	101	43	89	51	57	53	69	85	95	77	61	95	22	39	66	75	92	72	31	104	38	81	62	47	80	5	59	22	79	26	44	73	92	
26	38	48	62	87	55	45	48	14	9	62	92	61	59	75	73	23	28	84	39	94	70	13	84	44	48	25	9	91	40	43	54	48	44	26	39	84	
54	27	29	49	56	57	41	42	40	35	43	79	23	30	72	38	57	36	81	4	75	53	48	50	49	10	14	30	81	71	27	71	11	73	39	26	59	
81	46	85	28	14	51	100	42	92	86	24	32	58	28	44	30	89	60	50	62	21	21	85	25	54	53	66	75	38	93	41	76	49	92	84	59	26	
3306		2829		4650		2856		4307		864		9801		2492		4752		3630		3360		4176		7565		4424		2160		4070		4559		3196		2813		5112		5432		3403		4100		6873		1008		5112		4216		5280		4042		3600		2838		1072		4488		2442		4661		3484		5146		
464		4370		4292		5292		7680		2491		4331		3696		3458		2030		4356		8624		4510		5520		6566		4698		291		2400		5032		3416		5208		6035		650		7392		2926		3400		3901		1740		8500		826		3417		2346		5159		1296		2496		4248		8455		
4928		2580		7968		1188		4653		2262		9202		2262		4450		4182		1378		832		7700		3655		858		4592		5032		3038		1581		3834		2047		1496		5475		4144		2800		6270		6072		4130		756		3763		2624		4214		3591		3795		4620		4690		2112		
6142		4526		468		6450		6141		8827		760		4774		3354		3200		7120		6496		4059		6006		7490		4830		6984		6370		9243		2772		10080		6300		6200		6400		8019		4018		3700		2350		9322		8900		5229		6831		2295		7068		3430		2479		6862		
3920		2040		8930		1900		2916		935		6032		1775		7387		5159		1680		1800		6557		2880		250		4941		3770		4042		1380		5250		1650		1694		3380		4960		2268		3432		3835		3392		1701		5146		2964		3666		4032		3840		6674		6072		2419		
4655		1300		4160		792		4512		1065		6300		864		7100		3776		1424		2574		3835		3008		1140		2597		4814		2848		1914		4070		2124		1305		4368		4717		1634		5096		3588		4680		1888		3717		1325		3800		3773		3990		3120		3952		1980		
6272		4664		9828		2176		3640		2054		8307		3116		7802		5632		2993		1508		7176		3074		568		3942		4599		5022		150		6059		1998		2584		6216		4440		3182		6400		6084		3952		1140		5427		4876		2542		6083		4284		6804		4560		4845		
6279		4212		5950		4851		1312		3570		8091		4617		5073		7224		2880		4880		2340		2088		4690		1032		6272		4554		7392		3692		4950		2816		8280		268		4130		3116		5828		6536		4489		9646		2679		7520		2730		7208		8415		2900		2175		
3784		1541		2432		4704		4221		2704		3040		2808		1740		1500		2816		7280		1768		3168		5520		3196		2852		2380		4758		832		5082		5184		3600		3894		3354		1995		273		1349		6885		4620		2106		3150		1743		6174		1944		968		3906		
2255		592		3465		1296		3525		1200		4176		704		3575		2448		1581		3038		3550		1380		2109		3895		4851		1007		2350		2584		4508		1900		2728		3871		1729		3168		1802		1998		4508		5225		696		2816		2640		3300		3690		2275		3280		
5372		3977		4891		2635		738		3180		4717		4100		5628		6474		1150		2904		4275		1767		2652		1496		5848		2800		4012		4029		3128		2002		7840		1410		3024		3567		4389		6392		3136		9016		1960		4290		2888		9108		4134		2496		1053		
6278		3196		5360		2992		1365		5940		6972		5148		7735		6399		3348		3599		2232		1536		6534		504		6417		4352		5846		4032		4272		3720		5780		316		4420		3589		3074		5112		6208		6969		3948		7654		2975		7171		6480		2484		2025		
3024		200		4611		2280		3456		1664		5795		1152		2288		2294		1566		3355		3690		2511		4368		3344		2562		702		3078		1508		5100		2808		3045		2862		1978		1984		2024		2375		4880		3723		801		4554		1736		4888		2346		1300		3000		
4674		1275		1785		2992		3936		4235		4655		3510		2726		2310		2183		6424		1740		1173		4958		2010		5332		2850		6468		594		4284		3525		4212		2268		3888		390		1640		2664		4425		5772		1196		6984		368		5092		3510		512		3723		
5040		3948		1140		6984		7347		4712		1700		4410		1508		2408		3886		7828		3240		3410		8835		5940		5841		3050		7548		1680		9306		5698		3920		6120		4158		1643		1958		2772		7592		7600		3283		5376		2482		7426		2628		1368		7221		
3652		2550		6804		1296		5445		434		5152		728		5751		5056		2275		3420		6745		3440		1241		3648		4664		2580		1664		5580		2268		1748		4823		5002		1035		4640		4968		5096		1972		4784		1860		2400		4070		2700		2958		3248		3696		
2400		4158		2704		4884		4914		3477		3936		2958		1305		1068		3770		9025		4422		3654		5698		7800		1800		2046		8500		4180		6111		6789		946		8277		3496		3392		2970		1176		6862		2072		3807		4717		2809		3772		465		3696		6864		
3895		3612		8455		2673		4680		768		7272		1764		7350		4968		2268		4275		7998		5208		1848		5994		5000		2448		1560		5544		4482		2440		3869		5382		1900		7128		5248		4161		3200		3053		2376		1494		5382		2800		4092		6072		4620		
3712		2610		6438		1050		2150		3060		6612		2500		6308		4347		700		2555		5100		1700		1872		1972		3816		3741		2684		3283		1595		580		5695		1829		3441		4116		2907		5568		3040		7220		2016		4575		3572		4636		4757		4370		1020		
4851		4455		7120		2162		2184		2279		5356		2812		6992		6536		1197		1122		4615		3200		2835		1938		6020		3819		2400		5395		1274		1400		6478		2870		3504		2964		6188		7252		1960		4488		3813		4012		5346		5246		5063		5022		980		
8556		4752		6272		4565		1975		4636		5822		6100		8004		7544		4324		5530		2178		2144		6930		854		8118		4260		8400		3185		3658		3519		4641		1196		6570		1900		3960		6460		4125		7128		4000		7644		3700		7085		8245		3552		2128		
882		2580		6298		3634		4503		2976		3808		2232		2613		1938		2450		4088		4209		4558		4611		4260		1156		714		3782		3136		6622		3672		1120		6000		1265		4895		1872		1296		4189		1392		2695		2871		4823		2496		2125		2867		5183		
5148		3132		729		7347		7310		7719		638		4970		2528		2805		4662		9460		3666		5246		7300		5395		5720		3021		8720		1593		6148		4368		4104		7084		4526		3330		1650		3315		7659		7614		3528		4823		2040		4505		2788		2201		6319		
5548		4424		420		4836		7296		8170		1500		6552		3760		4462		4828		5350		2538		4144		7272		3465		5390		3528		10890		1716		6060		5103		3564		5092		7800		2100		3115		3822		10573		8464		3640		8330		1972		8352		5238		1566		6806		
4602		4641		1460		5530		5418		6560		2432		5940		3135		4732		6014		7760		988		2346		8742		2856		5600		4650		5356		1334		7560		5616		5880		5035		6586		1364		3060		3380		6600		6935		3150		9215		1900		5432		3127		1450		4686		
4860		4512		6018		2574		5340		1869		6438		1600		8900		4510		2660		2375		6708		3068		136		6700		3726		4128		712		5775		2135		2100		3850		5032		2912		3996		6336		3640		1216		5440		4653		3432		6230		5307		4788		4818		2990		
5800		2665		1134		3498		3869		6106		1416		5130		2580		2494		4140		9600		2190		4416		5046		2700		2958		3312		6048		1148		6164		6720		2784		5874		3843		2275		867		1984		8232		5624		4085		5120		1377		4697		3384		1292		6232		
2134		2470		8075		3486		5200		1218		8360		2340		5841		3180		3216		5642		6068		4640		3354		6391		2976		2500		4185		5056		6141		4600		3115		5810		1649		5963		4346		2365		4118		2500		3360		510		5590		2139		3420		5612		6510		
5214		3569		3960		3068		3420		4347		6300		4914		5451		6016		4257		5772		1022		2184		6232		1152		5964		5800		4590		2160		4290		4845		6300		1846		6500		1520		3827		3304		5135		6555		3198		5670		1387		9118		5032		1590		4140		
6468		2079		3828		2436		1975		2688		6497		3234		5440		4154		1960		5200		2508		312		3286		1106		5840		2200		4270		2380		3870		2156		3630		1771		2700		2210		3362		2650		5096		6723		2024		6020		1276		4698		5952		3200		1431		
3456		656		3456		2176		3920		2124		3640		1817		3520		2211		2697		5525		3318		2744		4823		2200		2352		885		3100		1425		4928		3640		1768		3410		2430		2016		1368		1936		6370		4576		684		2450		2150		5400		2449		2200		2756		
1241		2728		3888		2808		7452		2880		4266		3393		1656		1007		3348		7636		3286		2754		4355		6230		1332		988		5621		3520		6715		3294		567		6160		3298		4224		2548		990		7134		2475		2294		3440		2397		2916		1045		3861		4620		
4964		3198		6888		988		1587		2706		5432		2343		6612		4560		1376		2619		4071		1456		1925		2856		7128		2912		2870		5841		1558		957		6237		2528		3212		3224		6076		5796		3100		5628		2660		4026		2736		4233		4134		3640		610		
6132		3400		7650		2130		867		3796		7980		4275		8536		5220		2322		2871		5859		2541		2904		1785		7068		6144		4464		3551		1360		1496		6424		2146		3528		3364		3621		7663		2052		5760		4320		5005		4968		8930		7744		5632		340		
2277		5115		9118		3538		5940		2040		8648		4459		6138		5336		4958		4800		5238		7372		4480		9215		2511		3705		5673		3927		5016		5658		1836		7416		2448		6068		5696		3500		7500		561		5664		1513		7600		516		2793		7425		6120		
4824		3315		2037		3304		3364		4340		2584		4752		3807		2752		3484		8272		871		2405		6557		2660		6141		3850		8924		946		5002		5084		3127		3700		3844		880		1925		3822		6120		8217		2394		6468		1245		6020		2597		1300		4928		
4884		2340		3608		4171		2847		2958		4446		2562		3363		3380		2695		3990		1296		936		4824		1260		3905		2610		5092		1440		3780		2596		5890		2368		3975		585		1736		3542		4453		5740		2268		7546		693		4897		4785		1314		4136		
3600		648		3000		2100		4554		2405		4514		1197		4655		3612		1541		3009		1924		1638		3650		2176		5200		1656		5251		1975		4144		3267		2904		2464		2160		1150		2376		3168		3360		4392		470		5500		1780		5084		3936		1596		4214		
8216		3705		5025		4216		2444		5040		7905		6440		5247		7315		4482		3744		4224		3234		4150		2088		8360		8036		6942		4758		3780		5643		8549		1411		7802		4000		3723		8800		5304		7378		3780		10260		3577		9720		5141		3660		2000		
3960		2006		2646		5220		5106		3660		3100		4067		1600		1136		5040		6188		3520		3384		4345		3534		2655		3220		5016		1494		7387		4686		3230		4071		2754		1479		729		935		7728		5820		2516		5168		2940		5376		1276		1121		5325		
8000		3564		2184		3850		3520		4680		4779		3136		6298		5670		4186		5460		580		2552		4582		1940		5880		5841		5896		1566		5250		3025		7275		2910		5695		1007		3276		5510		5146		8544		3403		8008		1710		8624		6633		2240		3234		
5400		1716		5183		370		2331		1600		7644		1246		3726		4788		305		3024		5005		1365		1624		3534		3782		1914		2394		3792		2176		650		5336		2394		2444		2838		3572		2805		3626		4940		1729		3850		2808		4224		5310		3652		2464		
6972		2565		4526		4410		1463		3432		5530		4743		7128		5016		3132		4148		2720		2116		4216		316		6750		3224		5325		2816		3060		2132		6972		621		5440		1782		4104		4352		5829		6435		3040		4806		1953		7400		5775		3906		1560		
3900		945		3397		2310		3266		3285		4180		1682		2961		3526		2726		4355		2610		1386		4988		1705		2970		2523		5159		1800		4575		3393		4277		2562		2470		1035		1380		2475		3484		4818		1196		6200		1188		4556		3822		742		3818		
4234		4161		194		6240		7209		7743		884		4968		2870		3280		7252		9460		1848		3840		5100		3050		5110		3534		7504		2133		8925		4956		3410		5256		5313		2244		1904		3266		8736		5251		4788		9118		1976		5208		3650		1829		5916		
7476		3266		5372		1938		275		5187		7315		2880		6570		7140		2214		3696		3400		2200		5035		2016		4732		5146		4838		3249		1643		2295		6106		1320		5220		3572		3717		3996		3888		8827		2542		6804		2552		7584		8134		2808		680		
1539		4641		8910		5487		8439		2808		8010		3995		5742		3672		5005		5920		8091		4884		3640		6256		2093		3312		5612		4964		5655		5916		2336		5300		1836		4836		3960		3956		6750		720		4480		1564		3876		250		2430		6390		4488		
4556		2040		2002		5520		3654		3621		2067		5280		3744		3690		2964		6248		924		3256		4731		3663		4900		3978		6992		924		5986		3286		5160		4802		4095		816		1456		2967		7280		7310		2964		7998		765		6438		4150		728		4662		
9300		5394		6700		4836		2552		6142		8330		3604		7812		8008		3392		5550		2556		3315		6888		1176		10600		5616		7735		4914		3584		4560		8148		1080		6237		2924		5742		5904		4617		10810		4047		6148		2752		11020		5369		2968		3053		
3468		4050		438		4266		6225		8316		1079		5530		3325		3360		6862		7630		2340		3420		6000		5355		6097		4292		5777		2392		9345		6225		5700		4950		5032		2520		1890		2542		6327		4536		4984		5980		3192		7569		2244		1950		5742		
3410		1885		1638		3276		3248		4680		1950		3195		2128		2958		4324		4346		1288		2211		4514		2160		3132		3078		7224		91		6864		5544		3456		3640		2601		1078		663		1560		6384		6408		2790		6059		1001		3848		2318		159		3294		
192		3321		4662		3905		8188		2470		7104		2665		3024		2394		5900		5840		4345		4544		4640		6232		590		2136		3445		5074		8245		5040		1056		6279		2460		4160		2475		1650		4543		1344		3956		1647		3591		864		2204		4674		4510		
5044		1748		2242		2600		3696		3234		4692		1768		3600		2800		2805		6555		1976		1470		3782		1824		3135		1760		4320		832		4810		2967		4080		2948		3318		726		1548		2624		3976		4556		1260		3960		747		3990		4100		680		3283		
2656		1809		7040		1430		4160		399		4558		1125		3782		5115		3072		4800		5112		3520		2214		4092		3612		1659		3420		3192		4914		2074		3528		5508		304		5073		3408		4128		2610		2120		1798		1150		5400		2184		4368		3339		3672		
6399		2646		6298		2288		1917		3910		7992		3567		9409		5580		1534		1330		4623		2479		2100		3483		6319		3111		2166		5600		486		990		7740		2926		3060		4774		5688		7268		1450		6097		2745		6790		3717		5963		4785		6164		884		
902		1848		4410		4508		4134		3298		3445		2635		2952		2430		4272		5402		3630		4488		3575		5244		1152		972		5733		3956		7392		3186		1035		6786		1824		3315		3069		1820		6192		1782		2838		1914		2650		2610		1980		2408		5904		
5428		4293		4176		3360		780		4410		6942		5586		5096		6966		2320		5251		3567		1590		5865		1190		6174		5451		6156		2754		2736		3698		5551		270		5658		4171		6272		4543		5850		7314		2928		7238		3936		6890		7395		3588		1755		
3978		3157		4524		1652		572		3200		7905		2730		6794		6880		1407		2014		4437		1364		3619		1909		4558		4032		4664		4950		2240		1050		7128		1860		3432		3910		4500		3850		4257		5460		2772		4050		2838		6480		5767		4004		609		
3480		459		5103		1548		4416		1679		3816		532		4675		3408		972		4753		4794		2328		2590		2193		3744		1098		2300		2379		3479		1850		2150		4750		1071		3589		2958		1872		2940		3604		603		2772		3400		3498		2904		1890		3192		
5372		3864		7347		1152		3159		2914		5775		1740		7298		4592		1575		900		5112		2660		1444		4508		5698		4700		2100		5848		867		648		5100		4900		2584		6138		3618		3710		1071		7068		3588		4015		5074		5476		4602		3520		1350		
3198		2604		7050		3395		5698		715		5900		1943		5548		6097		3999		2592		6622		5700		1680		6000		2867		2730		2117		3888		4275		2352		3750		6240		1216		6552		5859		2856		3655		2560		2200		900		6072		2072		5820		3672		3782		
4838		2016		5472		1392		1590		3486		4189		2002		3843		3648		944		5100		3240		231		4067		1869		5346		2183		4560		3135		3915		1400		5428		2460		3120		2522		2738		2914		4590		6364		780		5696		2002		5994		3920		1650		2407		
6900		2080		6776		1410		1600		3094		8484		1800		4872		6237		918		1102		6072		3008		1898		2310		5928		3000		2592		4224		896		488		7425		3895		3960		3762		5568		5658		1150		6399		3420		4661		4982		4312		6776		3000		1458		
5978		2805		8692		1798		5696		1896		6440		2268		4968		4386		3320		1350		7098		2850		511		4608		4757		4212		440		4455		3116		2013		3600		6132		3220		6786		4180		6734		1869		5760		2805		2691		4500		3660		7742		6552		4437		
7553		4248		8140		1980		4230		4004		7930		2820		7632		9009		2736		162		8352		3869		2340		6014		7820		6298		2064		5355		1092		1792		6097		5046		4134		6474		5376		5829		680		8188		4088		5200		4500		7654		7980		4374		3234		
1701		1241		2793		3567		4690		3192		5400		1988		1696		1625		3040		4176		2950		2613		5472		4290		1860		913		3828		2550		6059		2744		1656		6240		2484		3024		1458		780		7029		4171		1804		2520		2210		2655		1848		1960		5670		
4125		3870		2883		5546		3100		6935		4464		4731		5626		4675		4743		6375		83		3230		5063		2010		5925		4648		5152		2016		3978		5700		5451		3239		6138		1218		2310		3952		5162		8372		2296		8910		960		5076		4779		1596		5626		
2343		360		4047		2044		3685		1484		3520		780		2520		3192		2349		5074		3920		2900		3240		4465		2680		704		2808		2739		5782		1960		2135		4984		1691		2415		2444		2106		4582		2976		726		3066		2304		2842		2170		2010		4000		
7280		2451		4620		2340		440		5194		7812		2562		7047		6480		1512		3600		3871		2046		4850		1260		8448		5452		3976		4125		1830		1800		7790		1241		2700		2610		4453		5325		4600		6231		2546		3900		3360		5394		6400		3120		576		
4620		3526		6790		1320		4368		1953		10600		1792		8613		4640		2576		1743		4160		3542		265		3000		6555		4370		1235		6048		2640		1869		4623		4392		1767		5032		4420		6392		1105		4950		3198		4300		5632		3712		5476		3468		2652		
5104		3441		7826		756		2961		1580		7070		1288		6642		6536		2002		1122		5694		2067		660		4644		4020		2408		1121		4356		1876		1296		6072		4200		1400		4960		5355		5760		1701		6138		2916		3652		4466		5440		6248		5146		2074		
3933		1881		4590		672		3612		1470		8544		1121		6083		7200		1264		2275		6633		2706		1377		3456		3498		2320		1825		3300		2100		700		6272		3650		1458		3248		3422		4680		2025		4356		1680		2576		3380		5952		5695		2907		1530		
1602		4424		8084		5175		5985		4900		4897		3905		3250		2726		6716		7728		6298		4740		5106		6887		1215		3120		5175		6935		9506		5852		1612		7102		3432		6480		3363		2838		8800		470		5002		1664		3900		930		3002		3550		9700		
3920		620		2912		2184		2100		2664		5888		1113		3604		2898		1420		3864		2812		882		2784		1984		5335		1768		4582		2646		3816		1680		3792		2952		1612		1656		2430		2700		3819		6144		490		5096		1120		4480		3375		1368		2457		
568		2795		5934		4026		8649		2961		4356		2852		1700		1830		5922		5280		6468		4422		3618		7802		294		1701		4662		4536		7452		5865		544		7626		3478		4284		3738		1550		4675		1273		2496		2849		4774		1702		1827		3294		5655		
2052		1131		5168		969		4664		969		6764		236		5208		2793		1474		3840		4161		1770		2970		4851		4275		1168		3913		2816		4050		1890		2788		3864		847		3655		1850		3256		2976		2928		1305		2700		2360		3696		3476		2320		2385		
6318		3854		4655		2592		2945		3498		4884		2907		3834		6336		2262		4760		1292		1980		5472		682		8232		2850		4320		1664		3782		2914		7275		1320		3534		1113		4092		4200		5846		5640		2701		4959		1940		6270		4692		2325		3000		
6320		2907		6156		1798		3792		2040		10440		3440		8240		9600		3348		183		5762		4108		2178		5394		5984		3843		1554		6391		1088		2418		6873		3068		3577		6776		4100		5628		248		4760		5130		5795		3942		4100		5824		6399		1768		
5688		3520		4788		2522		1104		3600		6930		3198		4590		5880		1113		2700		3132		2700		2268		2077		6873		5336		3196		3233		1120		1062		6396		1647		3621		3172		4290		5402		2988		6750		2028		5037		4116		5429		6396		5162		159		
2040		2739		3738		3016		4080		5022		3772		3915		1380		592		4218		5162		3445		4628		4015		4488		2610		2262		6806		1674		5251		5135		1178		6083		2537		3240		1037		200		6600		4048		2220		5320		3526		3871		432		1860		6864		
9595		6200		6715		2750		1188		7722		7680		5590		6633		5452		2448		6300		3648		1989		6825		2162		5885		7176		4455		5642		4947		4000		8000		648		7332		2703		6480		4558		3570		7015		3762		6528		2695		10350		8544		3120		2080		
3348		1496		2310		2838		3381		4524		4459		2479		3420		2613		3276		4896		2231		1173		6435		2880		5684		3230		6150		1034		6052		4140		2450		4092		4005		450		1547		2838		3700		3920		1890		3740		581		5256		2478		441		4692		
2200		3132		6586		2236		3250		460		9408		1638		5964		4160		2210		2772		6004		4508		1539		5561		4018		1705		2132		3960		4800		1749		5100		6745		1260		4745		5800		4399		2698		4455		3663		1694		3906		2730		5800		4526		3888		
3276		518		2585		2400		2550		2432		3192		1541		3212		3330		2212		5670		2660		1242		4420		2847		4089		1700		3968		2208		3355		3441		3440		2989		2280		1932		1900		2511		5824		4161		486		3074		1953		3953		2124		1900		2784		
4680		3900		3886		3128		897		4950		4731		3864		4240		6142		1425		4600		2808		1152		3640		1067		6800		5170		6174		2944		2560		1450		5850		948		2916		2240		4982		5980		5500		8096		3264		4424		1683		6716		4292		2752		1615		
2050		4576		8170		2968		9118		1836		7680		3870		4615		5520		4216		4588		8835		6935		4150		5460		2449		2508		3564		5016		4592		3968		3432		6860		1856		4960		5568		2856		4140		884		3304		870		6474		845		2754		6142		6552		
780		2784		5664		4472		7708		2911		5782		2479		1479		1536		3445		5346		6370		5280		3844		3905		1500		918		4620		3696		7304		4320		520		4131		2573		3009		2820		1395		4661		2184		2368		3648		2950		3072		840		2365		5698		
8900		4235		2080		5963		3750		5376		5510		6528		4248		6762		5626		8550		1105		3649		6279		2490		5301		3588		9400		3115		6399		5742		6557		3306		5694		2079		2597		5280		9118		8295		4420		5304		2436		7811		3774		2555		3360		
