88 37 1
0	80	76	39	48	72	71	28	86	74	85	18	17	79	67	29	29	17	45	96	96	45	34	72	35	80	81	48	35	27	11	27	99	32	84	22	46	64	26	85	24	99	33	31	19	29	67	73	82	73	78	70	67	15	64	30	39	73	20	79	57	60	63	39	73	23	24	54	88	84	60	77	38	22	58	38	63	57	49	33	43	45	50	53	45	35	17	43	
33	0	71	56	76	75	95	51	95	39	51	57	70	46	65	99	23	70	41	59	57	85	11	34	68	59	93	34	98	32	86	73	51	84	12	24	74	74	49	63	78	100	73	35	78	25	10	55	17	24	92	81	77	49	10	63	57	16	59	45	29	45	67	69	74	59	35	84	43	72	38	10	19	57	80	30	15	16	24	75	37	14	53	51	57	50	23	36	
85	73	0	71	40	15	99	59	10	87	12	44	54	62	77	71	58	13	21	98	27	41	65	65	21	60	96	42	86	98	33	32	48	83	91	32	79	73	51	33	70	20	29	20	59	10	26	64	49	17	72	44	86	21	98	12	17	54	80	94	32	42	79	55	78	71	72	78	13	30	30	61	69	66	43	30	31	69	25	77	24	14	70	21	96	54	66	93	
11	64	75	0	14	50	57	80	15	50	98	52	39	50	77	28	25	43	95	97	33	16	21	57	24	57	19	86	43	48	39	74	62	89	79	86	73	45	95	65	42	59	51	46	31	17	48	52	36	19	29	82	57	70	88	32	74	33	44	17	51	31	82	54	10	34	70	48	27	97	22	82	96	25	65	15	41	36	56	85	85	76	39	82	67	14	13	23	
79	15	57	94	0	28	18	73	74	55	33	74	44	28	31	49	52	88	98	50	13	57	12	78	63	84	39	31	58	49	46	99	97	87	88	38	23	100	68	52	94	72	84	59	62	24	96	84	24	13	41	20	18	57	12	61	87	57	71	77	73	12	27	71	41	16	22	93	30	44	63	25	12	72	79	74	17	63	94	94	49	56	85	93	64	75	57	54	
24	98	62	34	58	0	70	18	59	65	70	55	62	63	50	23	55	76	12	14	57	39	13	32	19	44	60	64	65	95	80	56	54	69	73	47	54	53	74	58	35	65	35	74	58	95	31	47	64	81	93	72	84	57	30	23	91	32	69	10	95	35	88	35	96	56	21	47	73	49	19	79	19	50	41	37	78	40	40	15	62	54	28	20	98	88	54	43	
83	24	24	15	23	52	0	90	48	47	69	38	15	84	91	93	92	80	25	62	12	83	57	88	35	89	63	45	83	57	95	48	62	78	90	40	27	77	75	90	16	74	89	42	18	24	47	18	71	61	83	89	80	67	91	89	54	20	44	44	72	21	16	23	53	74	31	45	98	67	71	92	42	88	82	49	16	55	54	51	55	77	94	37	23	20	17	98	
47	31	97	85	28	21	27	0	62	50	63	49	43	44	64	49	23	70	100	73	46	87	84	82	44	10	53	68	68	68	82	44	42	45	40	73	23	36	70	87	38	23	64	10	93	44	57	41	34	36	85	21	67	14	51	44	24	78	70	11	82	61	36	47	39	56	75	86	31	52	43	14	16	28	61	85	48	86	36	26	42	95	63	43	52	67	95	46	
14	50	64	78	88	21	19	70	0	62	69	99	11	93	27	98	57	35	75	63	86	85	70	76	68	41	58	70	39	89	50	93	35	96	20	47	86	97	40	57	58	84	94	70	32	95	64	21	32	90	27	24	86	64	66	86	71	45	89	70	20	10	71	67	51	62	12	41	87	43	70	62	15	77	35	50	26	18	91	100	64	13	72	54	61	91	49	72	
28	53	34	96	32	96	53	21	97	0	29	10	81	14	97	68	62	22	21	85	55	69	55	57	20	92	70	35	45	45	85	32	21	76	68	28	87	12	19	27	42	80	75	70	62	41	24	36	25	30	71	46	90	62	41	49	73	85	82	87	35	34	25	58	16	100	78	21	24	48	80	29	49	13	94	19	34	53	82	33	29	35	44	28	94	79	66	62	
42	92	28	20	81	73	11	78	20	91	0	41	44	29	40	11	93	81	45	76	85	89	21	41	95	42	42	17	62	80	86	54	84	68	49	42	41	35	93	66	77	24	80	32	65	87	38	65	21	44	22	33	21	28	78	16	51	97	31	27	72	17	87	23	20	83	95	14	15	85	22	82	30	46	64	69	14	99	83	47	12	19	98	88	71	85	31	75	
63	30	30	10	50	47	94	12	56	44	88	0	65	40	66	69	68	33	12	99	28	68	60	44	20	50	22	63	59	54	90	17	42	19	37	86	93	85	98	84	82	86	50	68	73	84	52	27	46	94	52	44	57	30	91	99	22	51	72	35	47	77	12	37	27	84	35	75	47	81	75	62	67	82	10	67	41	52	54	58	38	88	22	46	45	87	15	51	
79	36	97	100	100	77	41	82	28	64	59	32	0	62	56	78	65	100	82	60	23	19	57	32	62	40	71	16	86	89	40	23	77	70	46	63	60	54	65	94	65	33	13	66	41	12	25	65	48	61	76	44	43	44	17	63	48	20	39	72	61	89	58	98	15	53	20	100	60	73	21	53	15	50	93	49	88	100	59	21	87	27	70	69	98	51	24	22	
35	98	64	87	15	94	96	52	35	51	49	88	28	0	79	84	71	75	72	38	25	72	93	25	10	26	26	28	70	71	57	39	52	39	18	89	50	23	69	95	90	70	28	25	11	25	19	42	61	97	32	12	12	90	90	93	59	25	54	84	95	63	59	52	78	40	25	56	44	85	98	10	37	51	91	86	32	76	86	48	74	46	57	57	18	46	81	34	
38	26	78	66	68	39	24	26	51	58	24	94	47	12	0	61	99	22	40	38	42	24	39	44	68	64	13	40	17	59	54	36	32	49	69	39	10	98	19	38	96	41	25	99	20	13	97	81	30	19	33	49	32	35	59	90	87	71	60	78	92	87	79	31	100	33	44	37	77	100	79	49	68	52	19	26	88	55	94	91	36	67	98	59	85	14	27	98	
79	89	12	57	44	98	27	30	64	91	60	17	80	80	74	0	90	16	100	34	55	72	78	95	72	92	25	84	35	53	92	73	46	25	92	29	59	43	33	83	31	69	40	57	51	65	70	11	84	44	59	98	77	82	79	51	47	32	73	29	70	47	35	41	37	72	96	80	92	11	98	14	47	24	82	11	64	93	20	59	16	60	44	53	45	47	60	95	
73	63	11	35	45	77	61	60	34	20	24	42	83	34	27	47	0	58	16	52	44	18	54	22	29	49	42	100	91	41	49	82	99	37	62	60	23	56	55	76	17	29	25	45	44	34	24	87	32	91	81	97	32	35	60	75	56	54	42	88	47	11	93	97	61	100	46	63	83	47	13	59	21	62	98	72	28	61	85	36	37	98	99	63	40	57	17	83	
72	64	28	28	24	35	27	82	89	81	18	24	32	79	57	45	88	0	64	80	99	96	84	80	72	86	67	79	46	63	48	82	53	72	84	60	36	63	53	91	49	33	52	10	69	18	61	71	70	77	69	99	35	81	10	17	15	94	29	81	33	36	77	36	53	92	93	91	32	78	72	52	53	28	56	91	85	97	98	93	23	33	46	80	80	80	51	48	
67	68	77	85	34	81	26	20	81	100	17	48	86	67	95	49	96	82	0	32	85	13	30	18	88	13	96	85	89	56	78	100	47	29	46	19	42	18	28	45	84	91	97	84	47	84	75	51	47	63	64	70	99	77	10	66	21	91	71	39	31	51	71	33	23	74	64	72	16	90	28	29	76	81	97	75	77	27	29	11	86	79	29	48	34	71	86	14	
66	67	51	19	75	11	47	58	19	68	49	12	32	40	67	44	59	79	17	0	14	26	52	86	40	43	87	81	35	84	74	91	89	47	26	60	58	41	76	98	31	22	31	82	84	46	88	64	13	78	54	99	42	76	25	89	38	71	23	36	92	12	63	95	85	61	29	12	62	68	24	16	37	62	43	29	13	78	15	35	80	44	37	42	98	66	73	41	
24	56	61	73	72	83	51	76	24	39	11	50	83	94	61	61	62	99	76	20	0	50	53	59	63	23	76	57	41	63	12	92	78	56	47	52	24	73	13	73	25	32	96	77	84	36	40	69	85	48	50	49	15	44	68	57	29	77	72	56	43	55	21	47	84	12	59	20	76	67	60	56	74	56	75	98	74	96	44	67	26	54	37	72	73	87	54	82	
26	50	31	12	58	89	40	51	71	27	64	42	84	48	14	86	22	94	87	84	12	0	35	76	19	85	81	11	82	65	11	59	67	12	38	62	39	69	84	76	77	72	21	78	38	10	19	61	90	29	66	31	89	18	44	64	83	45	68	82	15	99	63	97	40	88	32	53	24	89	75	13	16	81	26	13	31	72	27	69	41	34	38	12	99	30	70	30	
94	15	81	36	69	44	26	77	33	58	12	35	54	95	98	63	90	41	89	10	27	38	0	56	84	30	59	27	26	68	91	55	35	22	42	26	73	17	13	42	32	37	61	44	41	88	36	93	39	77	70	82	94	56	82	83	37	62	39	19	15	72	27	49	56	39	59	99	65	10	99	57	68	67	27	35	25	50	94	23	46	89	27	78	82	89	85	39	
61	64	17	83	19	47	77	39	70	55	56	91	25	51	34	47	51	96	97	53	25	72	56	0	64	46	77	99	41	44	97	85	19	22	19	81	82	80	44	41	22	32	18	12	21	74	74	18	62	94	63	63	100	62	15	34	44	33	31	83	99	34	22	14	68	62	69	58	41	93	90	17	25	87	53	97	18	64	21	49	20	46	22	70	48	71	33	53	
61	81	27	31	24	67	64	54	18	12	41	81	93	47	94	34	32	47	82	22	63	63	83	71	0	84	69	60	44	78	27	21	60	62	73	65	34	80	20	44	14	21	14	24	82	41	35	86	30	21	56	33	37	35	20	56	23	99	84	92	72	38	30	70	24	28	73	20	17	13	21	26	31	87	88	36	43	53	28	70	72	13	79	30	11	90	31	75	
26	15	89	68	14	61	95	94	90	42	39	59	25	97	24	75	99	24	68	70	95	16	80	27	50	0	21	55	41	44	43	67	76	95	80	10	88	56	48	45	69	58	66	44	53	95	80	79	34	80	18	70	61	92	37	15	22	53	75	10	78	66	15	65	72	54	100	79	62	80	12	37	52	97	47	24	29	43	85	64	26	62	84	14	52	80	45	49	
39	37	92	37	56	66	23	32	95	99	55	91	54	10	35	100	92	12	14	15	92	24	58	95	37	36	0	18	97	50	70	50	63	96	57	55	43	72	59	48	14	83	19	97	62	72	68	19	84	15	67	57	25	44	77	69	70	20	77	64	94	29	15	62	43	98	25	84	34	92	61	14	53	100	73	20	84	54	10	28	16	47	10	19	98	48	64	93	
38	12	83	65	30	46	34	52	28	44	68	99	63	31	49	72	29	34	96	11	42	53	22	72	30	35	22	0	72	75	75	81	33	46	100	24	27	20	24	85	15	35	66	63	42	96	42	54	23	34	57	62	88	37	96	11	88	30	92	33	96	31	92	20	43	56	11	47	39	35	63	85	94	95	89	19	93	56	87	22	22	67	23	74	67	89	88	33	
65	12	58	97	43	94	60	97	36	76	62	51	27	25	80	60	59	40	12	53	79	98	54	85	81	22	12	43	0	42	76	68	40	41	31	22	83	41	19	92	27	57	31	56	28	26	16	55	99	55	57	42	43	39	35	65	51	100	55	89	94	84	50	13	34	74	23	97	88	65	95	84	93	96	13	44	25	34	35	36	59	31	10	22	12	19	65	27	
23	24	65	59	44	64	51	72	76	37	22	91	19	67	98	64	22	67	21	94	91	12	65	72	13	64	31	83	25	0	16	24	54	83	72	54	22	58	92	49	30	52	32	83	29	36	69	28	30	38	18	43	10	89	88	28	72	55	33	57	96	19	35	61	28	20	92	87	65	10	85	30	11	87	91	68	68	10	88	31	18	32	88	50	57	64	54	78	
10	33	25	89	60	85	98	56	72	66	72	12	34	26	48	100	31	22	48	27	19	41	49	71	51	38	67	45	78	53	0	68	61	16	49	52	64	66	53	98	31	23	56	49	99	100	48	84	70	58	27	37	81	95	27	12	23	37	76	40	54	99	79	50	12	70	69	25	19	32	80	58	50	58	24	69	64	23	85	93	64	74	28	15	54	44	73	86	
47	32	91	31	25	79	94	84	60	59	54	13	58	81	64	93	24	13	75	56	47	15	11	16	15	20	98	44	31	11	42	0	84	95	38	59	40	91	68	58	43	30	23	93	14	30	65	30	61	26	47	26	67	81	73	13	32	59	85	52	68	97	76	92	40	61	97	97	63	68	12	55	60	78	36	45	55	50	37	94	10	38	78	99	49	18	10	88	
51	53	49	41	71	11	60	38	47	81	55	59	36	60	88	44	40	23	88	99	20	34	11	62	89	66	18	83	92	99	78	28	0	25	100	70	41	80	31	60	59	38	18	60	28	46	94	22	55	19	43	62	78	43	71	20	50	94	60	94	75	70	73	12	81	33	88	22	81	20	51	78	55	10	56	65	11	35	49	26	95	94	80	49	54	16	17	66	
95	13	74	49	56	46	17	34	43	32	43	89	25	53	18	16	96	33	45	27	65	99	27	62	51	25	43	10	79	41	18	52	72	0	30	68	26	92	83	87	32	10	61	51	34	56	50	91	14	43	93	57	67	13	98	15	42	59	87	50	97	51	88	11	88	87	10	19	42	10	67	69	77	68	33	64	54	13	23	78	54	92	36	89	98	20	62	22	
75	50	80	89	76	74	47	84	84	86	57	46	63	50	77	77	34	97	77	72	48	47	86	13	20	91	72	47	36	88	32	73	70	48	0	65	53	39	21	56	46	48	53	81	40	87	14	10	46	60	65	84	48	42	48	82	19	54	53	53	61	11	17	39	44	31	67	95	27	49	15	65	63	88	90	82	84	14	82	17	23	46	29	17	38	80	65	31	
98	60	90	61	79	67	30	30	47	55	19	77	50	94	81	20	80	85	14	97	84	26	61	21	16	59	34	23	62	99	68	17	93	23	79	0	56	47	97	22	80	82	96	23	60	33	92	80	47	18	51	48	76	68	82	70	66	36	60	99	72	31	78	10	64	43	85	26	29	70	91	65	37	75	39	80	52	21	22	28	84	87	35	81	89	72	81	77	
31	80	61	80	93	99	99	93	84	73	88	48	92	12	67	55	85	34	61	55	80	10	57	36	67	83	15	83	47	59	70	55	42	96	56	39	0	94	96	53	49	58	14	21	74	34	22	79	81	87	51	72	29	40	51	61	83	93	24	62	100	17	45	69	41	49	28	47	84	68	49	14	35	30	43	37	56	27	40	32	86	82	58	51	45	99	17	25	
20	26	34	90	60	78	91	35	91	24	31	77	83	83	85	20	49	94	77	79	29	40	63	62	88	27	72	63	50	100	26	73	61	82	49	34	52	0	48	82	40	24	93	70	22	80	23	39	96	59	44	22	93	44	76	24	60	99	88	97	27	25	88	45	30	83	93	17	59	33	35	92	82	34	36	14	30	45	94	80	13	30	58	40	64	72	52	53	
60	29	80	65	50	92	61	33	36	79	15	82	58	25	86	82	60	82	34	89	90	37	85	51	64	90	90	89	56	92	35	80	80	79	26	97	42	33	0	79	100	85	64	59	22	55	45	46	29	40	100	99	22	50	84	61	88	95	92	34	39	100	10	18	25	93	13	88	70	75	73	12	100	50	37	18	88	18	17	90	52	37	99	18	55	39	71	76	
46	26	95	66	16	98	23	57	80	27	58	95	31	85	16	18	55	62	14	57	50	50	26	17	65	64	57	44	70	43	58	15	74	57	90	91	92	56	41	0	93	15	59	36	100	28	79	99	37	64	87	31	29	79	95	17	96	93	24	50	69	32	51	86	75	56	34	31	53	71	85	100	96	48	63	53	63	71	19	67	72	37	78	73	88	38	77	35	
35	69	41	67	12	21	54	69	39	36	43	23	62	81	84	67	47	77	33	52	70	56	16	88	53	38	87	59	42	30	47	100	64	66	89	19	15	74	23	46	0	82	26	39	65	90	18	61	15	57	91	77	74	56	17	85	78	51	96	56	44	21	47	92	48	96	14	34	51	21	20	55	80	25	81	83	57	32	68	28	62	41	10	78	65	56	92	75	
88	67	53	21	76	11	11	26	19	57	30	40	17	95	14	54	26	54	42	63	41	55	25	36	99	12	52	88	30	58	39	87	79	41	79	72	59	61	45	39	100	0	32	57	61	75	33	35	67	27	53	95	25	92	84	92	74	65	62	37	22	61	46	31	96	88	37	68	41	79	100	83	64	100	81	27	71	86	78	53	32	80	97	64	22	15	56	58	
96	17	65	94	14	29	83	30	74	46	54	99	43	56	34	46	87	21	25	85	76	56	100	91	74	40	100	27	34	91	33	91	91	26	19	26	43	46	86	11	76	62	0	91	74	44	65	31	95	79	34	79	19	45	62	43	37	15	21	10	47	43	24	20	49	83	36	72	25	89	57	27	19	38	27	26	14	53	74	21	25	79	80	47	77	28	44	69	
42	10	19	36	20	57	44	44	29	100	36	48	31	77	56	11	16	65	59	51	95	37	92	49	87	26	37	83	84	28	65	48	43	16	30	39	78	40	85	26	75	84	10	0	17	92	91	64	64	49	11	81	51	36	55	68	95	62	81	55	16	43	36	50	91	95	71	12	41	10	60	94	25	80	80	39	41	72	24	53	67	24	35	69	100	52	97	39	
56	55	84	60	87	70	42	73	15	23	50	51	58	64	62	55	38	99	45	64	37	16	47	79	74	77	86	64	66	77	62	33	46	23	96	62	48	33	82	84	28	46	33	17	0	12	100	84	59	20	77	21	56	43	32	92	83	44	44	26	28	98	94	75	99	75	53	57	60	60	69	16	23	18	90	86	100	69	57	43	81	73	18	81	29	87	32	95	
24	10	96	59	95	26	73	84	13	19	76	22	49	12	17	53	96	66	82	17	99	99	44	39	92	82	100	14	60	90	30	24	47	35	100	51	14	68	30	37	89	23	82	33	23	0	54	21	96	29	46	46	44	36	45	77	54	82	64	34	26	76	83	54	80	20	45	18	43	23	22	22	95	87	66	47	94	80	17	59	79	58	66	75	21	85	61	25	
40	63	30	30	31	24	82	68	70	69	79	81	28	75	15	27	31	69	55	16	81	14	49	82	92	56	92	35	100	19	52	21	82	30	13	64	36	54	78	22	77	69	74	59	54	31	0	55	49	60	38	17	17	44	65	23	85	14	28	39	71	91	43	79	20	40	17	36	73	96	43	23	17	65	94	35	18	41	37	53	16	15	99	94	72	98	73	77	
30	55	48	81	62	85	65	33	41	56	45	30	29	39	75	13	19	25	76	54	51	18	89	53	12	57	93	83	45	27	59	34	61	67	58	95	75	23	60	65	51	94	34	43	74	15	32	0	74	89	83	43	72	87	18	98	99	46	69	41	15	52	97	51	22	68	49	12	51	70	40	39	44	68	87	69	62	71	45	44	59	91	14	95	43	85	89	47	
39	85	14	84	14	88	45	29	81	88	50	21	46	20	38	39	35	48	86	61	12	72	17	75	37	49	100	53	19	91	63	50	83	22	88	36	59	29	71	88	93	10	85	86	17	83	53	100	0	68	89	56	17	50	87	40	77	31	88	10	15	35	76	72	83	26	60	74	22	48	63	97	32	75	78	74	21	71	98	65	78	17	81	22	16	41	71	69	
31	25	50	91	79	63	29	56	74	10	41	68	12	13	81	86	76	63	28	67	57	18	60	33	20	82	89	15	38	55	28	13	69	15	35	39	84	27	80	61	45	39	68	37	19	54	53	53	84	0	98	100	52	60	15	88	10	29	61	57	73	17	20	40	49	33	42	49	95	76	11	48	86	100	11	97	24	45	23	48	72	30	75	78	38	42	98	69	
15	97	70	10	62	40	28	21	97	59	88	40	52	88	90	29	48	96	14	86	56	77	81	79	32	63	24	89	99	17	30	61	40	40	57	73	56	42	79	30	25	31	66	93	84	25	90	95	75	27	0	65	57	17	97	73	17	38	54	78	89	55	74	57	56	19	42	12	95	70	84	88	87	88	63	95	72	56	61	85	72	98	53	31	11	55	26	55	
24	77	47	42	33	94	55	68	95	43	62	56	84	100	59	96	19	69	33	30	15	68	84	50	96	91	54	38	77	85	61	91	64	47	28	30	45	47	89	62	80	59	68	53	57	15	77	81	45	13	59	0	88	89	62	43	25	84	66	69	76	50	28	18	75	84	80	55	33	68	38	89	65	93	17	41	71	38	73	25	89	93	99	36	94	65	17	54	
14	30	50	85	97	60	35	94	28	22	29	66	90	80	66	39	46	88	16	18	77	23	62	95	13	16	41	14	59	65	94	19	94	83	94	46	75	15	15	52	13	54	43	95	98	39	66	82	67	57	98	69	0	64	27	89	29	55	22	60	80	47	31	67	32	19	67	55	31	89	48	95	57	16	70	58	82	36	88	32	63	35	45	21	38	29	54	91	
24	24	97	95	54	74	21	97	74	89	37	57	17	92	59	34	93	65	35	29	67	79	69	65	48	60	30	18	90	99	80	60	44	21	29	50	72	22	75	88	76	29	68	79	67	98	40	23	50	68	45	34	47	0	88	68	100	66	89	38	12	10	80	12	39	84	94	11	51	26	96	88	40	59	38	34	85	94	49	46	46	55	52	50	55	24	89	71	
31	96	44	47	27	36	30	90	73	86	82	10	57	44	35	93	99	40	24	55	76	67	67	20	84	59	76	11	26	22	30	79	55	61	59	68	96	85	56	32	17	26	27	45	90	13	87	85	78	11	17	54	16	75	0	91	23	93	29	22	84	52	10	88	39	99	86	80	30	62	79	60	85	19	66	35	36	47	18	100	80	42	64	43	52	53	81	27	
66	30	66	44	13	59	64	52	79	32	32	52	20	93	36	78	13	56	47	45	54	65	86	91	63	76	34	81	29	44	97	42	14	40	84	72	64	76	87	55	54	73	93	76	42	20	62	39	98	14	16	14	37	61	29	0	31	62	92	72	24	21	45	72	77	94	35	58	69	62	48	47	20	59	10	93	25	61	99	31	78	97	19	50	16	39	11	37	
95	39	74	13	20	11	47	57	90	57	95	42	47	38	12	35	26	59	48	99	95	82	19	68	47	31	26	31	79	63	95	22	29	26	68	18	15	57	88	63	80	62	69	89	73	74	96	28	71	71	16	51	74	72	100	34	0	17	87	53	44	57	88	95	17	16	69	73	22	98	19	44	68	96	72	65	78	32	47	16	92	21	91	87	66	79	49	25	
94	74	51	18	22	94	93	63	17	14	71	31	93	25	84	78	73	98	22	60	72	57	15	25	92	98	84	46	75	86	59	30	17	37	48	57	57	65	21	15	13	30	89	12	16	55	85	43	37	42	85	27	21	22	30	67	79	0	41	50	64	18	21	40	70	49	48	59	48	46	80	89	15	34	61	41	18	68	52	51	98	18	17	28	88	85	43	55	
69	46	38	18	56	53	70	87	46	54	84	60	92	100	40	63	64	33	39	53	26	65	32	84	67	39	34	24	18	64	65	87	98	25	51	11	61	58	18	95	15	82	79	57	34	30	80	53	58	33	55	92	63	12	74	37	16	74	0	88	100	31	31	83	58	35	11	30	96	43	91	95	100	66	69	96	15	60	31	18	28	48	11	94	42	23	53	13	
89	97	74	64	88	78	54	13	52	21	80	79	31	69	36	82	91	13	91	85	81	55	98	91	31	47	92	58	24	96	10	25	32	49	44	45	39	11	26	42	18	42	22	59	99	69	97	92	70	76	24	76	27	96	17	45	25	100	53	0	64	21	62	53	38	90	70	98	14	14	88	32	48	72	84	79	78	48	89	45	27	18	61	12	62	57	96	25	
77	71	76	54	30	86	14	40	72	15	88	16	56	95	77	71	16	57	79	63	75	36	76	45	37	52	98	86	89	85	100	57	36	99	54	75	50	67	78	21	16	51	15	54	74	32	48	45	97	67	59	28	75	68	68	47	21	51	72	42	0	62	67	75	39	51	62	56	60	92	51	41	42	27	85	56	88	56	69	37	54	51	24	65	19	32	71	61	
72	13	35	84	25	60	55	39	16	63	20	36	73	83	72	85	37	75	45	31	95	83	66	34	57	95	15	100	37	28	69	49	71	47	83	16	89	64	26	53	47	76	72	84	38	93	40	37	10	18	89	90	71	65	97	30	94	85	39	50	35	0	76	38	66	25	76	81	96	45	36	71	86	57	84	87	63	62	52	40	63	68	20	88	71	97	100	89	
100	43	24	70	11	39	96	20	84	72	86	63	68	86	98	99	90	63	66	66	32	48	43	77	25	95	45	18	62	44	30	94	31	99	96	30	61	18	23	33	54	27	85	36	73	90	79	80	13	47	56	66	46	10	69	72	83	59	46	52	15	18	0	89	32	91	64	66	40	34	33	97	56	72	47	13	49	35	84	89	79	100	45	91	51	40	95	66	
46	20	59	67	56	95	51	88	11	30	83	51	63	27	98	45	10	34	24	69	56	48	25	24	71	26	43	90	79	27	14	27	57	45	63	94	28	24	19	20	26	13	79	31	95	72	92	47	96	61	72	45	14	67	32	15	42	47	90	60	90	30	13	0	62	32	42	65	33	83	49	55	42	88	25	71	21	27	58	26	25	86	15	63	50	19	45	80	
51	53	60	26	11	34	72	65	50	56	90	65	78	12	48	82	90	79	53	35	56	17	96	10	87	72	60	94	21	77	28	35	100	91	77	37	53	44	66	66	40	81	39	83	56	37	41	84	43	97	24	97	74	85	32	75	87	60	20	62	59	83	47	82	0	69	87	41	38	26	40	89	70	15	48	63	53	70	94	53	16	54	74	51	12	33	57	87	
33	29	67	54	40	39	66	66	19	81	83	36	93	79	31	74	84	50	31	89	14	13	41	16	32	65	80	33	90	58	97	76	16	29	96	98	97	83	55	20	74	63	92	15	10	61	56	92	94	91	19	13	88	86	97	59	11	10	95	15	49	48	65	20	56	0	28	77	82	40	88	78	40	79	97	28	19	95	67	59	39	35	37	50	78	66	87	49	
54	15	93	31	91	19	64	70	74	40	57	44	77	55	54	53	97	15	33	44	88	93	20	41	64	37	13	22	65	94	71	98	50	72	89	19	46	63	18	36	97	42	100	66	97	67	55	75	91	18	25	83	80	77	76	14	85	98	54	48	39	13	96	56	21	69	0	57	28	66	55	19	18	53	64	76	81	16	19	72	36	47	36	18	22	25	49	87	
56	58	23	80	62	40	99	98	61	32	50	53	30	34	61	17	26	10	82	96	15	75	47	78	87	66	30	11	99	97	59	60	37	40	55	94	93	72	23	23	44	100	77	70	92	82	27	77	66	75	55	22	68	30	91	90	89	15	64	79	20	33	96	64	30	46	98	0	100	81	62	65	94	72	44	58	92	98	52	65	14	71	37	30	24	53	80	36	
72	12	12	100	44	26	43	96	89	13	82	52	56	75	48	53	28	37	53	88	53	46	84	59	18	40	27	95	41	21	21	56	17	61	47	88	62	98	38	23	88	18	99	79	22	59	97	84	53	38	59	90	35	72	34	53	67	90	67	65	27	65	54	54	68	78	68	24	0	55	93	83	38	79	77	29	30	19	87	89	38	39	94	32	43	43	88	62	
53	24	47	24	38	79	14	83	77	34	68	56	32	85	24	55	37	89	84	41	52	89	98	66	93	45	92	24	91	92	82	96	51	15	84	59	49	89	29	14	98	98	98	78	61	77	96	36	44	89	88	53	51	24	83	49	53	29	69	33	84	20	43	78	42	99	64	35	91	0	27	56	60	64	22	73	81	46	12	44	42	48	28	28	98	19	69	22	
13	96	70	95	47	20	28	19	33	37	38	55	13	10	36	27	79	45	29	68	29	15	59	89	56	56	83	88	16	25	82	95	69	17	99	29	23	50	85	20	34	99	68	87	70	58	29	25	73	41	82	48	60	62	96	68	11	11	66	69	31	62	86	80	68	54	26	54	85	76	0	59	31	39	45	26	73	97	52	33	88	100	14	64	57	66	20	38	
45	44	41	73	64	67	84	20	79	56	97	48	29	89	82	32	56	81	53	79	39	38	31	15	10	15	71	31	88	27	58	44	93	59	58	91	34	99	84	25	53	32	58	25	40	81	29	45	87	47	32	95	83	39	17	29	56	23	91	62	63	47	100	88	67	94	75	15	44	71	39	0	55	21	49	57	85	33	59	75	85	53	14	91	74	74	47	16	
51	11	10	18	65	19	31	48	33	80	58	89	50	31	87	80	66	63	95	11	39	56	52	80	21	51	91	89	91	61	80	37	88	53	44	72	33	29	60	73	93	67	26	61	18	36	79	81	95	16	14	20	84	40	55	47	43	80	89	23	11	37	48	45	25	50	94	68	28	33	76	35	0	39	79	45	51	90	27	25	96	14	72	89	59	62	29	98	
88	56	61	34	24	30	51	24	24	69	94	66	87	89	76	39	61	81	69	78	45	72	74	76	67	44	66	25	86	15	67	44	30	78	48	12	54	83	63	63	48	19	66	31	100	38	32	92	49	76	64	31	88	27	40	31	56	17	82	66	32	86	53	13	30	49	90	83	14	64	98	13	57	0	83	23	66	88	22	73	12	93	89	33	85	83	11	81	
45	69	29	39	23	20	24	64	70	44	88	99	43	10	32	70	80	41	23	74	74	90	15	64	28	69	73	75	24	58	55	96	34	22	85	51	15	52	22	53	38	12	88	15	52	92	79	92	68	34	81	18	33	89	86	33	12	39	86	67	60	64	91	63	13	22	87	10	38	74	53	67	54	49	0	63	24	23	48	53	34	65	96	10	18	54	84	94	
28	18	82	89	65	70	17	49	27	38	17	59	67	61	91	39	94	27	88	12	45	68	84	30	23	61	17	87	78	49	30	24	73	56	40	73	18	33	38	11	31	43	14	10	61	79	21	60	42	74	40	49	63	11	89	23	67	100	70	44	95	19	44	84	47	60	24	34	46	46	59	20	34	92	99	0	30	64	70	97	75	63	23	42	22	28	28	10	
46	22	62	38	95	28	49	45	15	93	15	15	78	58	55	28	31	84	13	90	91	52	17	10	78	15	72	86	57	40	98	68	38	19	29	65	73	68	66	19	83	24	38	60	28	81	29	43	33	99	89	94	93	29	79	95	36	97	27	49	72	69	64	30	93	51	61	49	64	32	27	98	14	11	53	21	0	61	46	10	89	90	31	36	94	14	100	56	
13	27	98	85	32	42	54	47	81	90	30	34	49	73	50	87	20	28	32	28	90	92	73	16	53	30	88	44	71	85	75	41	38	66	30	36	98	95	79	94	69	53	23	70	20	10	44	28	41	54	21	79	41	70	89	45	65	56	18	97	20	97	97	39	57	75	93	42	14	36	27	16	27	21	50	94	16	0	17	44	23	84	69	69	72	82	19	88	
12	79	52	99	33	80	68	89	16	18	30	31	37	54	39	15	62	87	12	56	34	54	54	19	86	10	96	82	83	40	27	46	15	80	30	87	35	36	88	56	75	89	30	77	64	100	43	26	97	89	21	89	31	77	60	72	86	74	13	31	85	40	56	36	35	89	84	93	27	31	59	77	27	21	46	93	50	74	0	76	23	55	61	63	83	74	76	92	
29	43	54	69	49	59	48	97	58	93	64	57	26	80	88	70	96	11	89	80	15	84	60	67	62	69	58	69	61	12	44	73	51	95	92	12	54	48	99	15	95	29	94	75	87	11	93	45	33	11	73	27	21	30	19	41	18	44	44	39	68	92	53	95	94	37	41	55	72	71	68	43	96	35	13	33	30	71	72	0	84	19	25	86	25	21	63	36	
22	76	78	23	100	23	46	68	97	11	19	89	62	78	78	91	25	18	68	18	56	89	83	74	25	33	15	19	92	37	81	81	33	82	76	98	78	98	70	48	20	73	95	26	99	17	65	24	99	66	73	11	88	90	24	71	31	92	10	42	96	43	80	90	59	94	61	76	17	89	51	55	97	59	100	37	15	18	38	53	0	96	54	60	10	81	49	32	
32	11	37	56	67	81	12	93	60	35	40	34	78	64	25	11	55	50	68	86	93	79	74	83	68	97	92	34	35	33	50	91	25	55	18	93	40	59	99	30	61	26	38	50	42	26	54	42	71	88	33	23	20	41	69	86	38	94	17	61	30	51	52	79	11	30	82	87	72	40	87	70	54	23	81	68	72	83	71	87	99	0	89	56	17	22	38	70	
33	95	63	97	22	68	19	70	84	19	41	74	27	26	69	18	41	43	72	35	28	93	100	44	62	74	100	48	93	23	13	84	33	29	86	41	54	19	88	59	37	46	45	39	37	59	83	45	40	95	95	99	93	27	34	12	99	100	40	59	44	48	60	17	24	97	68	68	48	47	98	44	21	40	51	86	52	77	56	75	24	76	0	29	68	89	100	56	
94	61	64	51	86	70	17	37	80	87	49	54	16	33	90	74	98	27	36	44	75	58	59	78	54	50	22	68	84	33	79	86	13	37	92	34	57	39	48	10	79	90	17	17	85	45	84	82	65	18	94	85	100	89	18	21	34	90	48	64	68	32	95	23	66	82	74	45	16	82	27	76	87	70	81	64	55	46	72	62	86	71	78	0	66	36	55	97	
35	11	89	85	33	91	82	73	87	23	69	43	23	54	10	60	21	73	100	30	19	53	78	64	79	78	29	18	23	64	37	51	91	61	56	94	43	32	39	22	24	56	95	36	61	13	78	51	99	27	98	13	84	69	74	22	90	22	42	63	65	46	46	27	57	29	69	80	16	89	36	82	57	79	15	94	50	90	25	64	26	61	56	27	0	66	14	64	
45	72	60	13	92	80	97	15	70	56	98	18	57	60	40	27	12	16	45	36	70	29	35	12	25	56	13	48	93	28	97	43	61	65	28	85	78	88	52	79	66	12	43	10	66	17	36	73	73	56	11	76	61	10	66	72	26	56	100	31	31	69	65	55	10	35	60	42	48	50	11	99	99	87	11	88	97	98	30	100	56	34	99	54	94	0	38	83	
22	62	25	82	46	99	89	11	54	71	62	11	51	99	81	100	45	98	30	80	30	97	55	95	24	51	86	98	12	20	47	73	59	16	90	77	96	99	66	55	66	73	79	91	62	67	58	35	42	26	43	87	59	34	55	50	52	63	82	72	18	29	75	11	27	39	11	33	53	91	71	76	89	91	63	60	10	83	31	49	63	31	67	82	56	40	0	48	
91	40	82	89	77	94	29	58	35	28	83	81	26	42	70	15	25	55	80	16	95	35	64	86	20	54	41	68	61	14	68	23	45	87	28	64	10	98	50	34	22	94	14	19	63	52	11	89	50	82	19	67	77	60	46	11	78	70	50	89	99	88	99	12	85	80	36	60	88	74	93	34	63	84	53	74	30	80	75	25	20	56	71	14	59	67	70	0	
26	39	71	55	88	39	71	40	39	35	58	81	77	62	59	80	9	22	66	56	85	63	13	89	30	62	42	27	77	17	44	29	61	19	26	54	81	
39	26	55	26	50	31	64	16	47	41	24	57	45	23	45	41	46	16	55	30	56	32	39	50	23	30	25	29	57	54	5	47	27	55	38	27	46	
71	55	26	78	80	85	18	70	40	40	72	108	31	57	100	59	71	60	109	25	103	81	61	71	75	32	32	44	110	87	55	95	36	91	48	29	85	
55	26	78	26	39	23	89	15	73	66	9	31	60	26	24	42	63	35	33	53	31	8	60	45	26	48	51	54	32	65	23	48	45	64	62	49	28	
88	50	80	39	26	62	96	50	93	87	32	46	50	28	58	21	96	66	64	59	34	32	90	12	63	48	66	78	52	101	45	86	46	101	87	56	14	
39	31	85	23	62	26	92	16	68	62	30	42	74	44	21	62	48	28	29	61	48	30	48	67	11	60	54	49	39	46	32	25	57	43	55	57	51	
71	64	18	89	96	92	26	79	33	36	84	120	49	72	109	76	68	65	118	38	116	94	58	88	81	48	38	45	121	85	66	97	51	89	45	41	100	
40	16	70	15	50	16	79	26	60	53	18	44	58	29	30	48	48	20	39	46	46	23	45	54	13	44	41	41	44	51	16	37	41	51	48	42	42	
39	47	40	73	93	68	33	60	26	7	71	104	60	65	88	77	35	41	97	39	104	80	26	89	57	49	27	19	103	52	52	68	50	57	14	40	92	
35	41	40	66	87	62	36	53	7	26	64	97	56	59	81	72	32	34	90	34	97	73	22	83	51	45	22	12	96	49	45	62	46	53	9	35	86	
58	24	72	9	32	30	84	18	71	64	26	36	52	17	33	33	66	36	42	47	33	10	61	37	31	41	47	53	38	70	19	54	37	69	62	43	24	
81	57	108	31	46	42	120	44	104	97	36	26	85	51	24	60	90	65	23	83	13	26	89	57	51	76	82	85	7	87	54	64	73	85	92	79	32	
77	45	31	60	50	74	49	58	60	56	52	85	26	35	84	29	80	58	93	22	78	61	70	40	68	15	36	53	89	93	42	91	17	95	61	23	58	
62	23	57	26	28	44	72	29	65	59	17	51	35	26	50	19	69	40	59	34	45	26	62	27	41	25	38	49	55	77	18	66	22	77	59	30	28	
59	45	100	24	58	21	109	30	88	81	33	24	84	50	26	65	68	47	9	75	34	26	69	66	31	72	71	69	19	64	45	40	68	61	75	72	44	
80	41	59	42	21	62	76	48	77	72	33	60	29	19	65	26	86	57	73	40	51	39	78	12	60	29	50	64	65	95	36	85	27	95	73	38	30	
9	46	71	63	96	48	68	48	35	32	66	90	80	69	68	86	26	30	76	59	94	71	10	96	39	66	44	28	87	17	51	37	65	22	23	57	89	
22	16	60	35	66	28	65	20	41	34	36	65	58	40	47	57	30	26	56	39	67	43	25	67	17	43	28	22	63	37	22	35	41	39	28	36	60	
66	55	109	33	64	29	118	39	97	90	42	23	93	59	9	73	76	56	26	85	35	34	77	73	39	81	80	78	17	70	54	44	77	66	84	81	50	
56	30	25	53	59	61	38	46	39	34	47	83	22	34	75	40	59	39	85	26	78	57	49	52	52	11	14	31	85	72	30	74	13	75	39	4	62	
85	56	103	31	34	48	116	46	104	97	33	13	78	45	34	51	94	67	35	78	26	24	91	46	55	71	80	85	20	94	52	72	67	92	94	75	21	
63	32	81	8	32	30	94	23	80	73	10	26	61	26	26	39	71	43	34	57	24	26	68	40	34	50	57	61	29	73	29	55	47	72	70	53	21	
13	39	61	60	90	48	58	45	26	22	61	89	70	62	69	78	10	25	77	49	91	68	26	89	38	57	34	17	86	27	45	42	56	31	13	48	85	
89	50	71	45	12	67	88	54	89	83	37	57	40	27	66	12	96	67	73	52	46	40	89	26	67	41	62	75	63	103	45	91	39	104	84	50	25	
30	23	75	26	63	11	81	13	57	51	31	51	68	41	31	60	39	17	39	52	55	34	38	67	26	53	44	39	48	40	26	25	50	38	44	49	54	
62	30	32	48	48	60	48	44	49	45	41	76	15	25	72	29	66	43	81	11	71	50	57	41	53	26	23	40	79	79	28	77	4	81	48	10	53	
42	25	32	51	66	54	38	41	27	22	47	82	36	38	71	50	44	28	80	14	80	57	34	62	44	23	26	17	83	59	28	63	24	62	25	14	66	
27	29	44	54	78	49	45	41	19	12	53	85	53	49	69	64	28	22	78	31	85	61	17	75	39	40	17	26	84	43	34	52	40	47	9	30	75	
77	57	110	32	52	39	121	44	103	96	38	7	89	55	19	65	87	63	17	85	20	29	86	63	48	79	83	84	26	83	55	59	75	80	91	81	38	
17	54	87	65	101	46	85	51	52	49	70	87	93	77	64	95	17	37	70	72	94	73	27	103	40	79	59	43	83	26	59	26	77	5	40	71	93	
44	5	55	23	45	32	66	16	52	45	19	54	42	18	45	36	51	22	54	30	52	29	45	45	26	28	28	34	55	59	26	51	25	59	43	27	41	
29	47	95	48	86	25	97	37	68	62	54	64	91	66	40	85	37	35	44	74	72	55	42	91	25	77	63	52	59	26	51	26	74	22	54	71	76	
61	27	36	45	46	57	51	41	50	46	37	73	17	22	68	27	65	41	77	13	67	47	56	39	50	4	24	40	75	77	25	74	26	79	48	11	49	
19	55	91	64	101	43	89	51	57	53	69	85	95	77	61	95	22	39	66	75	92	72	31	104	38	81	62	47	80	5	59	22	79	26	44	73	92	
26	38	48	62	87	55	45	48	14	9	62	92	61	59	75	73	23	28	84	39	94	70	13	84	44	48	25	9	91	40	43	54	48	44	26	39	84	
54	27	29	49	56	57	41	42	40	35	43	79	23	30	72	38	57	36	81	4	75	53	48	50	49	10	14	30	81	71	27	71	11	73	39	26	59	
81	46	85	28	14	51	100	42	92	86	24	32	58	28	44	30	89	60	50	62	21	21	85	25	54	53	66	75	38	93	41	76	49	92	84	59	26	
2888		1804		930		2448		1898		600		9702		2240		2808		1320		2688		3648		6885		3528		1968		1332		4465		2992		2726		3550		5320		2829		3350		6004		378		3550		2604		5060		3827		3280		1634		640		2584		1443		3717		871		4278		
200		4186		1850		4410		6048		752		2130		2832		3192		840		2574		8448		1640		4347		6432		1479		279		1920		3108		1342		1953		5183		143		5568		2242		680		3243		720		8415		364		2040		1496		3886		900		2418		2891		8010		
3776		1204		6720		720		4559		1976		7918		1740		890		1066		442		208		7700		3139		660		3808		3182		1519		1462		1278		1840		1343		4015		2912		2240		5940		5382		1820		252		1065		1476		3675		1512		1380		2233		3082		1155		
5106		3162		126		4730		3916		8463		580		2464		2925		2560		6480		2436		4059		5544		4815		3174		6768		6175		7254		2343		9072		4140		6200		5120		7938		3895		3700		470		7316		8900		4410		4356		540		5301		2205		1480		4888		
2520		520		8455		1900		972		340		2600		1175		6723		3157		812		1250		5451		1620		50		4026		1560		3784		1275		3850		363		1298		975		3968		1917		924		1755		960		1386		4340		2223		3432		2205		2100		6390		5610		1107		
4508		260		1200		776		4371		705		4140		588		7100		1664		1280		1980		1690		2816		440		735		3944		2560		1131		2915		936		1155		3360		4293		1425		4992		2340		4212		864		1947		400		3600		2891		2622		900		2912		720		
6144		4134		9072		1376		1300		1638		5499		2546		6392		3168		2091		624		5520		870		376		1241		2409		4752		30		4233		666		1938		5254		2072		2775		5200		4680		988		532		4355		4558		1312		4851		2646		5751		1840		4590		
4004		3432		5110		4802		1072		910		7569		3762		2047		6300		2000		3904		1092		1421		2870		900		3430		2691		7084		2444		4900		1540		7740		164		1820		2337		5456		5700		2747		8904		1081		6016		1794		4558		8415		1200		1595		
3354		943		1824		4557		2583		728		2240		1950		720		725		1584		6640		476		2772		4416		1974		1472		2072		2340		468		3080		4968		3564		2301		2580		1911		249		893		5832		3540		1716		630		1449		6048		1323		858		2016		
779		432		1197		900		2538		264		1800		624		2035		576		1462		1519		2400		667		814		3690		4802		304		517		1596		4165		1400		1408		3087		1577		2808		544		666		4165		5005		608		1540		2145		1540		3015		1330		2624		
3318		3854		2993		2294		603		1537		1424		4059		3444		5382		230		1672		4095		1653		624		1343		3612		560		2478		3213		2924		1508		7600		1350		1134		3157		3363		5984		1715		8832		735		1560		2128		9016		1248		672		845		
4386		2021		4355		1892		1245		5346		5796		5044		7055		5293		3132		1770		1152		840		6468		272		4185		2752		4662		3408		3792		3520		3655		244		2795		3478		928		3550		6016		4444		3738		6675		2590		4848		5265		828		1485		
2556		44		4028		1710		1944		416		5551		630		616		1147		675		1220		3060		2349		3984		2508		1260		234		969		406		4380		2160		2660		864		1725		1085		1817		2250		3904		2601		720		4554		896		4628		1530		286		1350		
3876		300		420		1892		3216		3245		4459		3198		1175		840		999		5621		1520		276		3551		1230		4588		2128		5467		187		2244		2538		3432		714		3168		300		1360		1908		1950		4514		322		6768		344		3116		2700		280		2601		
4320		3290		1080		6768		6873		2508		1683		2961		406		2072		1608		5768		2952		1705		8370		5940		5782		1450		5406		1323		8712		4004		3087		5328		2178		496		1760		2343		5408		7600		2009		2940		1768		7031		1836		552		6308		
3080		2190		5460		1056		5390		224		1932		182		4686		3968		2100		3240		6461		3000		884		1995		4081		2250		936		5160		714		1288		4399		4087		660		3770		4590		5044		850		4420		960		1792		2915		900		696		1400		3168		
2376		4116		728		3564		1547		1653		3216		1224		1140		948		1625		8550		2706		1575		4081		7800		1640		1178		8415		3960		3298		6424		814		7743		2576		1908		2970		994		4888		814		3055		4240		848		3485		435		3124		5280		
3731		3150		7695		2178		2664		420		4949		952		7200		3450		756		4050		7482		4928		1617		4884		4950		1512		728		4176		3726		1160		2756		3432		1820		7056		4352		2907		2560		2064		792		1260		4140		1800		2480		5382		3540		
1600		2349		5624		756		1875		2628		4959		2475		5244		2346		693		1820		5100		1700		468		1247		1152		3268		1276		1960		580		260		4891		806		3219		4032		1122		5394		2432		6840		1704		3416		3344		2280		3216		4186		493		
2618		4365		5696		2047		2016		688		1442		2072		5244		4902		483		286		3185		3168		2345		456		4042		2337		1120		4485		1248		1400		5084		2380		2448		798		5712		7178		1316		968		3567		1768		5238		2580		2407		4154		960		
7998		4212		6144		3795		1525		2356		3936		6100		7482		6970		4140		4340		1320		1280		6314		434		6732		1988		8400		1813		1829		2244		1092		1105		5986		418		2280		5548		1500		4104		3250		5978		3663		4142		7990		2544		836		
864		2250		5963		2898		1896		2784		1496		1550		1599		782		539		1533		2139		3975		4081		1988		731		168		1952		1764		5698		2268		736		4480		437		4345		540		432		1846		624		2030		2842		4452		2392		1825		1410		3504		
3960		1350		594		6873		6290		7138		264		3290		2016		2409		2516		8250		3510		4514		5200		4550		5070		912		6976		702		2650		1176		3078		6545		2336		3034		570		2847		4884		7209		1848		1365		480		1275		1763		1488		4272		
3952		3528		196		2496		6992		7740		725		5976		3008		4278		2982		1177		2403		3024		4949		1870		3542		1386		10670		1014		2828		2673		1122		3752		7800		1410		2800		2989		10355		7820		2128		7154		850		7296		5130		493		5658		
2106		4284		1020		4340		4662		5248		1330		5412		1265		4316		5828		6208		741		598		8178		1806		3760		3410		1339		575		6390		4320		4900		4770		5846		726		2628		1976		3900		4845		1700		8730		1425		2037		1003		600		2698		
3960		4371		2652		2548		4800		1701		2775		352		8900		1640		1995		2275		5160		1352		84		6700		1242		3600		632		4312		1050		1540		1330		3604		2688		1332		5688		1050		684		4672		4559		3042		5600		4636		2584		2920		1656		
5742		1558		924		990		1095		5325		624		4617		2220		2146		2640		9600		1530		4128		2175		594		696		2300		3168		952		3772		6440		1200		5280		2013		2075		204		1116		6958		4144		3870		2880		324		2387		3204		969		5092		
2068		1406		7735		2898		2960		525		7920		1800		5723		1484		1968		5146		4346		3712		2886		5313		2852		2500		3915		3968		5520		4300		2835		3818		1615		5293		3551		817		2842		2475		2688		120		4810		2001		2565		5124		6090		
3160		2967		3510		1352		3276		2277		6237		4536		4278		5760		4171		4440		714		1846		5168		800		4032		5800		1445		1470		2508		4641		5325		1248		6500		1160		3397		1298		3002		4180		2613		2970		988		8633		3604		480		3870		
6402		1566		2320		2059		1550		1056		5840		3168		4284		2542		1920		5148		1848		244		1749		868		4672		440		2806		1505		3330		1624		1254		1334		1260		1924		2747		530		4704		5589		1892		5250		550		2025		5766		3200		432		
3348		536		2400		1190		2576		936		2072		1426		3160		1353		2387		4745		2604		2688		4452		440		924		390		620		575		3712		3320		476		1760		2241		1400		1026		1716		6305		4056		264		539		1875		5346		1891		2200		795		
884		2449		2700		756		6885		1575		3348		3003		1056		285		1674		7055		930		702		2730		5530		936		247		4234		3120		5270		1098		306		4720		3230		3744		2496		970		6232		1782		1147		2795		517		2376		990		3861		2156		
3139		2652		5712		266		1012		1558		2134		1551		5046		1840		1200		2565		2596		572		665		2414		6399		1092		1845		5782		1273		836		5005		2016		2244		1612		6014		4968		3069		3444		2030		1980		1056		913		1248		2128		300		
4284		2150		6660		1440		204		2652		5985		4140		7566		2250		1998		2842		5481		1947		1760		420		5208		5888		4176		1072		1071		946		4488		1566		1904		1392		852		7505		828		2688		4185		2772		4590		8460		6776		4992		215		
2231		4785		8836		1464		2871		520		7990		4116		6076		4988		3618		2240		1649		7144		3528		8930		2349		3549		5368		924		2024		4623		432		5253		1548		4264		5120		2300		7500		143		5428		1360		7280		444		1078		7275		3870		
3283		2808		1995		1298		1392		2170		1596		4266		3102		1548		2080		7920		520		1406		5146		1748		5520		2950		8648		814		2460		4216		885		2650		2046		715		1475		3486		3780		8134		1254		4872		1020		3956		784		1300		3776		
3498		1800		3198		4042		1989		696		3477		1260		1539		1924		2030		1540		1040		270		3350		660		1349		1125		3040		980		1827		1188		5642		1728		2915		333		651		2714		2190		3772		1917		7469		686		2158		4235		936		3872		
2925		528		1400		1568		4508		1369		3294		483		4459		3150		920		708		481		1494		2550		1190		5200		1127		4720		1550		2968		3234		1716		968		1470		253		2376		3136		1200		2989		445		5445		1600		4216		3772		1197		4128		
6344		1495		3000		2604		2288		2436		6789		5950		1584		5605		3780		1008		4092		2478		913		1848		6270		7790		5429		3660		1980		5529		7210		1173		7387		3200		876		8712		3354		3689		2040		9720		2499		7800		1552		1800		400		
3564		918		2592		4560		3330		1708		3069		3381		1280		768		4536		3822		3120		2350		1580		1824		1170		2975		2024		1260		6141		3234		3094		1794		867		377		594		340		6532		5640		1554		3876		2880		4480		550		494		3600		
8000		2904		588		2475		3120		2664		3894		1176		5963		5166		3818		3666		240		2262		1975		1900		3780		5841		3520		522		3920		990		7125		2850		4824		285		2562		5278		2573		7776		2829		7098		1558		7644		6566		1764		1862		
5400		1320		3504		265		1221		900		6972		1120		1242		3591		155		2592		4565		798		609		3306		1922		792		1254		2976		1224		360		4930		966		2314		1677		2679		969		3515		3770		1577		2900		1950		2432		4838		3036		2212		
5796		1035		3162		4320		1121		924		3713		4437		6237		3040		2736		2562		2304		1955		2176		252		4950		806		3600		1584		1428		533		5976		396		4672		594		3078		2448		5159		3762		2280		1513		1054		5300		4312		3654		420		
3000		495		2666		1330		2254		2295		3080		725		1551		3034		2552		2665		2349		1062		4292		589		990		2204		3953		1782		3355		2964		3948		1302		1406		660		900		1782		938		3432		1118		6138		1176		2788		3486		224		3220		
1825		2964		188		4800		6561		6960		221		3168		1845		2665		7104		8140		693		2160		1020		671		3431		1364		4704		1701		7665		2268		1178		3744		3388		1292		714		2162		6720		2314		4047		8633		494		1953		2600		806		3741		
6636		2162		3397		816		95		4788		5510		1620		4680		6132		1836		3276		2150		1950		4770		1932		1274		4340		4012		1311		496		1998		4128		1185		4756		2632		1638		1332		3168		8051		1312		5751		1056		5856		8051		756		420		
1254		4284		8820		5074		7469		1950		7200		3431		5684		2268		3835		4320		7068		2812		2016		3956		1909		3060		5185		3139		3132		5168		1632		1600		612		2418		2340		3450		6150		567		3584		1462		912		50		765		5822		1056		
2788		480		1848		5160		1972		852		663		5115		2880		3015		1144		4136		696		2923		1909		3663		3150		3111		5244		696		4264		992		4440		4704		2331		516		572		1892		5733		6290		2184		7482		180		4698		3450		196		3339		
8700		4712		6633		3782		2262		4482		8160		1088		6696		7392		1855		3975		1692		2847		5712		462		10494		3900		6734		4482		1280		3591		6887		486		4698		1849		5082		4018		1863		10235		2679		2650		1505		10672		2457		1166		2021		
748		3024		306		1422		4565		8232		910		4340		3150		3255		6424		5014		1368		1380		2800		4662		5561		3074		1635		2236		8400		4565		5643		2925		3182		1715		990		1312		2442		1428		4424		3404		2660		6699		572		1140		3393		
1705		1073		884		1768		1160		3660		429		2160		836		2618		4140		1312		460		1353		2220		720		986		2470		6216		84		6006		5432		2448		2392		663		1056		156		420		4704		5688		2640		5037		767		962		1102		48		1037		
108		2706		2516		2585		7565		1406		6882		1558		2058		1254		5900		4160		1501		3008		3712		4674		270		1896		1040		4425		8075		4032		608		4095		2040		2340		855		570		2002		1302		3450		783		1449		288		1653		3876		1640		
4940		1615		988		1480		2832		1911		4386		476		2835		1880		2376		6279		1482		987		1798		704		1140		640		2088		455		3445		1892		3552		1804		2646		429		1350		2176		1491		2788		828		1848		612		1610		4100		430		2009		
2208		1080		6240		494		2304		161		1290		840		1860		4840		2944		4800		3479		2860		1836		2418		3108		1302		3276		1197		4482		986		3024		4488		228		4503		2304		3956		1125		640		928		230		5346		819		4032		1802		2322		
5022		833		3760		2028		1323		3312		5832		3157		9215		2970		702		874		2829		1517		1015		2838		4361		793		874		4410		162		360		7052		2204		1377		3596		4464		6715		625		3731		1395		6650		1947		3560		1653		5762		559		
748		1092		2898		4416		1248		3230		975		2263		2412		1950		3840		3848		1254		4029		1980		3864		648		792		5292		3404		7161		1404		660		5928		1368		1887		2871		1660		5400		1053		2475		792		800		2280		1804		946		4896		
2392		3498		1800		2208		364		2310		5429		5472		2002		5676		1000		4720		3157		450		5037		1022		3332		4347		4940		648		1104		3225		2730		246		4623		4085		6144		2079		5265		4770		1440		5452		3813		3922		6351		2288		1026		
1014		2378		1872		728		165		1750		6696		1794		5418		6000		861		570		3876		704		2726		1610		1376		2800		4081		4455		1820		210		6318		1740		2028		3312		3300		1400		4214		2548		2124		1275		1677		4410		4108		3068		539		
3080		108		4158		1350		4128		1173		1080		399		4015		2304		306		4655		4488		2232		1702		516		2928		540		506		1170		2352		1300		430		4500		578		3478		2584		504		1372		2226		378		1680		3400		2067		1716		630		2394		
4216		3570		5766		784		2574		2728		1995		720		6052		1804		1176		420		3456		1748		1083		4165		4081		4450		1775		5032		204		204		3150		4900		1596		6014		1206		1120		561		6612		3315		2805		4425		3848		2106		1280		425		
2613		1344		5170		3255		4292		247		2600		1189		4088		5561		3741		816		4988		5700		1104		4725		1457		2135		1508		1224		3078		882		2800		4800		684		5976		5418		672		3139		1400		440		420		5382		777		5700		1156		1798		
3953		1932		5301		576		480		2898		1917		1508		1890		2052		416		5049		2952		177		3381		1701		4290		962		3648		3003		3420		525		5015		2040		2496		2470		1961		1504		3888		5550		210		5120		1826		4884		2576		600		2001		
6900		560		5104		1350		352		2856		7171		840		1914		4779		306		475		5610		2848		1352		798		4368		1450		2112		2560		336		248		7350		3690		3920		2280		4864		4623		230		5214		3276		3599		4664		1540		6083		660		1188		
5856		969		7208		744		5184		1488		2300		1224		1564		1032		2800		297		5460		627		357		2592		2840		3380		390		1620		2584		957		720		5110		3010		5928		1444		6216		1680		5248		1020		1755		2025		1708		7584		5538		3876		
6972		2891		5830		924		3901		3652		4636		1269		5194		8217		1900		132		8004		2703		2132		5828		6716		6030		1800		2805		936		1008		3640		4408		3233		5460		3024		3567		584		7476		2856		4160		2100		6966		6840		1458		3168		
891		884		1127		3157		3149		2660		5346		1344		480		925		2240		1800		1350		1638		5244		3300		899		759		1650		2160		5110		1078		1150		6045		2295		2520		1188		377		6958		4042		1474		945		1292		1170		1659		1288		5166		
1500		3483		2697		5192		1650		6643		4176		3990		5452		4070		4488		4760		69		3094		2490		1200		4345		3920		1840		1932		936		5400		4347		2542		5808		1078		1400		2912		2225		7728		902		8820		448		1692		3894		1197		5510		
1551		168		2736		1428		2200		420		1216		195		900		2698		2052		4366		3185		2900		2250		4230		1640		385		756		2277		5605		735		1050		4424		1520		1575		2314		1647		3596		1536		429		2184		1600		1225		1085		1200		3250		
6640		1032		2156		1800		160		5035		6603		1260		5829		5103		816		3280		3038		1914		4700		567		8096		5220		2632		3025		930		1320		7462		867		540		1125		3111		3976		4554		3813		1520		780		2688		2325		5200		1508		315		
3480		2924		4462		780		3640		1827		10600		1008		8439		1920		2380		1449		1120		2714		75		600		6210		4140		1183		5040		2370		1680		2760		2989		713		3672		2516		5984		612		3696		2501		4257		4992		1536		3922		816		1677		
4582		3219		6825		252		1598		1220		4646		483		5412		5624		1848		286		4380		663		319		3996		1876		903		513		2508		1120		1056		5676		3136		280		4030		4599		5184		1365		5742		2340		3036		3422		4672		5538		4278		986		
2508		759		1445		568		3053		987		7680		513		4661		7200		992		2075		6499		2211		1105		2400		1122		1000		1275		1140		1540		460		6144		2600		459		1344		1566		3660		1650		2574		630		966		1924		5504		4891		684		360		
1440		3416		7568		3726		2310		4850		2241		2640		1900		1128		6278		6532		3854		2212		3726		4656		990		2400		3300		6643		9212		4312		832		4452		2684		5280		1298		1634		8800		445		4148		448		858		860		2394		781		9603		
3087		320		1092		1846		462		1850		5504		315		2226		1564		940		2464		2146		476		1152		1085		5170		1118		3596		2592		2650		630		3024		2050		434		1056		2214		1980		2337		5888		475		4648		440		2880		2430		528		1287		
384		1548		5175		2440		8091		1551		2574		1426		374		870		5607		2376		5390		2706		1206		7387		285		918		2442		3696		6072		5037		336		6231		3293		2709		3402		800		1700		798		720		2146		3596		1219		1596		1566		3306		
864		988		3808		228		4134		391		6080		108		4928		1127		880		3072		2907		810		2706		4802		4095		816		3612		1540		3300		1242		1722		2464		638		3096		370		2886		1536		1440		1155		1980		1040		2784		2684		1000		765		
5070		3649		4410		816		2821		990		3564		1173		1278		6138		975		3010		798		1804		4032		352		8064		570		1440		448		1891		1457		7050		616		1364		336		3828		2700		4662		2726		1887		1914		1900		3705		3060		1705		2200		
5056		684		2376		775		2976		520		9120		2752		6592		9504		3168		90		3440		3224		2134		4712		3696		1953		1134		4814		688		2262		5394		885		2548		6006		820		3444		128		1785		4914		5490		1241		902		3276		5135		476		
3950		2816		1848		2418		720		2640		4653		2613		1080		3864		315		2460		1044		2700		756		1271		5481		4988		2021		976		420		486		4920		810		2397		1560		2535		3869		2484		4950		507		3285		3430		2670		4920		4698		48		
1290		2310		3360		812		1040		4752		3485		3420		1275		424		3021		2225		1961		4212		1387		2772		2349		1976		5658		558		2403		4030		608		4774		1161		2600		510		40		4752		3542		1036		5040		3075		3087		144		868		6084		
9191		6138		5767		605		684		7566		6240		4875		3960		2350		576		6237		2736		468		6300		2047		2033		6630		1620		5208		4845		3250		6400		216		6942		816		5832		1290		840		3335		2166		3570		931		9315		7776		780		1184		
1674		924		1365		1677		2107		3952		4116		1554		2565		1599		2988		3024		2162		299		6305		2592		5568		3094		5100		968		5440		3726		490		3828		3555		90		1428		2475		740		1470		1722		1292		490		3744		1092		238		4335		
760		2772		4717		1950		650		425		9216		1260		5041		2340		1258		1638		4503		4165		1254		4690		3283		589		1742		1914		4650		528		5100		6461		1148		3315		5800		3657		1862		4410		3626		1298		2046		1596		5800		3162		2700		
2520		371		940		1760		561		1330		1254		943		2244		3034		1736		5166		1786		391		3744		1989		3619		1460		2232		2116		1159		3219		3000		1470		1680		1610		1900		2376		5376		2964		153		1272		1848		2419		936		1800		1200		
2184		3861		1675		2924		572		4510		1909		3570		1200		5106		550		4200		1911		800		2016		1045		5440		4895		6048		1656		1440		319		4368		732		918		1225		4717		5525		5500		7176		3128		1659		429		4692		1850		1548		1387		
1675		4056		7030		896		8836		612		6144		3375		3055		5160		2666		2368		8265		6643		3450		2548		1953		1482		2160		2964		1722		2048		3081		4410		800		2480		4928		1071		1932		221		1456		770		5382		481		918		5106		5040		
444		2432		5428		3848		7216		1968		5664		1517		377		840		1908		3240		6305		5060		1984		1349		1500		289		2660		3124		6474		2940		288		972		2139		1326		2670		1305		2133		1708		1332		3496		1300		2944		300		860		4081		
8811		3190		560		5360		2700		3024		5278		6256		1872		6624		5452		8100		949		3280		4095		2070		2046		966		8900		2835		5103		5016		5146		2926		4056		1593		735		4158		8836		6615		3848		1326		2088		5457		962		1820		1200		
