88 37 1
0	83	80	49	56	76	76	40	88	78	87	32	31	83	72	41	41	31	54	97	97	54	45	77	46	84	84	57	46	39	25	39	99	43	87	35	55	70	38	87	36	100	44	42	32	41	73	77	85	77	82	75	73	29	70	42	49	78	33	82	64	67	69	50	78	35	37	61	90	86	67	81	49	35	65	48	69	64	57	44	53	54	58	61	54	46	30	53	
44	0	76	64	80	79	96	60	96	49	59	64	75	55	71	99	36	75	51	66	64	88	26	45	73	66	94	45	98	43	89	77	59	87	26	37	78	78	58	69	82	100	77	46	82	38	25	62	31	37	93	84	81	58	25	69	64	30	66	54	41	54	72	75	78	65	46	87	53	77	48	25	32	64	83	41	29	30	37	80	47	28	61	59	64	58	36	46	
88	77	0	76	50	29	100	66	25	90	27	53	62	68	81	76	65	27	34	98	39	51	71	71	34	67	97	52	88	99	44	44	57	86	93	43	82	77	59	45	75	33	40	33	66	25	38	70	57	31	77	53	88	34	98	27	31	62	83	95	44	52	83	62	81	76	76	82	27	42	41	67	74	71	53	42	42	74	37	81	37	28	75	34	97	61	72	94	
26	70	79	0	29	58	64	83	29	58	99	60	50	58	81	40	38	53	96	98	44	30	34	65	37	64	32	88	53	57	49	79	68	91	82	88	78	54	96	71	52	66	59	55	43	31	57	60	47	32	41	85	65	75	90	43	79	45	54	31	59	42	85	62	25	45	75	57	39	98	35	85	96	38	71	29	51	47	63	87	88	80	50	85	73	28	28	36	
83	29	64	95	0	40	31	78	78	62	44	79	53	40	42	58	60	90	99	58	27	64	27	82	69	87	50	42	65	57	55	100	98	89	90	48	36	100	73	60	95	77	86	66	68	37	96	87	36	28	51	33	32	64	26	67	90	64	76	81	78	26	39	75	51	30	35	95	41	53	69	37	27	77	82	79	30	69	95	95	57	63	88	94	70	80	64	62	
37	99	68	45	65	0	75	32	66	71	75	62	68	69	58	36	63	80	27	28	64	49	27	43	33	54	66	70	71	96	83	63	61	74	77	55	62	61	78	65	46	71	46	78	65	96	42	56	70	84	94	76	87	65	42	35	93	44	74	25	96	45	90	46	97	63	34	56	78	58	33	83	32	58	51	47	82	50	50	29	68	61	40	33	99	90	62	52	
86	37	37	29	36	60	0	92	57	56	74	48	29	86	93	94	93	83	37	68	27	86	64	90	46	91	69	54	86	64	96	56	69	81	91	50	39	81	79	91	30	78	91	52	31	37	56	32	76	67	86	91	83	73	93	91	61	33	53	54	77	34	30	35	61	78	43	54	99	72	76	94	52	90	85	57	30	62	61	59	62	81	95	47	36	33	31	98	
56	43	98	88	40	34	39	0	68	58	69	57	52	54	70	57	36	75	100	78	55	89	87	85	53	25	61	73	74	74	85	53	52	54	50	77	36	47	75	89	48	35	70	25	94	54	64	51	45	47	88	34	73	28	59	53	36	82	75	25	85	67	46	56	49	64	79	88	42	60	53	28	30	40	68	88	57	88	47	38	52	95	69	53	60	72	96	55	
28	58	70	81	90	34	32	75	0	69	75	99	26	95	39	98	64	46	79	69	88	88	75	80	73	51	65	75	49	91	58	94	46	97	33	56	88	98	50	64	65	87	95	75	43	96	70	34	43	92	39	37	88	70	72	88	76	54	91	75	33	25	76	72	59	68	27	51	89	53	75	68	29	81	46	58	38	31	93	100	70	27	77	62	68	93	58	77	
40	61	45	96	43	97	61	34	98	0	41	25	84	28	97	73	68	35	34	87	63	74	63	65	33	93	75	46	54	54	88	43	34	80	74	40	89	26	33	39	52	84	79	75	69	51	36	47	37	42	76	55	92	69	50	58	78	88	85	89	46	45	37	65	30	100	82	34	37	57	83	41	57	27	95	33	45	61	85	44	41	46	53	40	95	83	71	68	
52	93	40	33	85	78	26	81	33	93	0	51	54	41	50	26	94	84	54	80	88	91	34	51	96	52	51	31	68	84	89	62	87	73	58	51	51	46	94	72	81	36	84	44	71	89	48	71	34	53	35	44	34	40	82	30	59	98	42	40	76	31	89	36	34	86	96	28	29	88	35	85	42	55	70	74	29	99	86	56	27	33	99	90	76	88	43	79	
69	41	42	25	59	56	95	26	64	53	90	0	71	50	72	74	73	44	26	100	40	73	67	53	34	59	35	69	66	61	92	31	52	32	47	88	94	87	98	86	85	88	59	73	77	86	60	39	55	95	60	53	64	42	93	99	35	59	77	46	56	81	27	48	39	86	45	79	56	84	79	68	73	85	25	72	51	60	62	65	49	90	35	55	54	89	29	59	
83	47	98	100	100	81	51	85	40	70	66	44	0	68	64	81	71	100	85	67	36	33	64	43	68	50	76	30	89	91	50	36	81	75	55	69	67	62	71	95	71	44	28	72	51	26	38	71	57	68	80	53	52	53	31	69	56	33	49	77	67	91	65	99	29	61	33	100	66	78	34	61	29	58	94	58	90	100	66	34	89	39	75	74	98	59	37	35	
46	98	70	89	29	95	97	60	46	59	57	90	40	0	82	86	76	79	76	48	37	77	94	37	25	38	38	40	75	76	64	49	60	49	32	91	58	36	74	96	92	75	40	37	26	37	33	52	67	98	43	26	27	92	92	94	66	38	62	86	96	69	66	60	82	50	38	63	53	87	98	25	47	59	92	89	44	80	88	57	78	55	64	64	31	55	84	45	
48	39	82	72	74	49	36	39	59	65	37	95	56	27	0	67	99	35	50	48	51	37	49	53	73	70	27	50	30	66	62	46	44	58	75	49	25	98	32	49	97	51	37	99	33	28	98	84	41	32	44	58	43	46	66	92	89	75	67	82	93	89	82	42	100	44	53	47	81	100	83	57	73	60	32	38	90	63	95	93	47	72	99	66	88	29	39	99	
83	91	27	64	53	98	39	42	70	93	66	31	84	83	78	0	92	30	100	45	62	77	81	96	77	94	38	86	46	61	94	78	55	37	93	40	66	53	44	86	42	75	50	64	59	71	75	26	87	53	66	98	81	85	82	59	55	43	78	41	75	55	46	51	47	77	97	84	93	26	99	29	56	37	85	25	70	95	33	66	30	67	54	61	54	56	67	96	
78	69	25	46	54	81	67	67	45	33	37	51	86	45	39	56	0	65	30	60	53	32	62	35	41	58	51	100	92	51	58	85	99	47	68	66	35	63	62	80	31	41	38	54	53	45	37	90	43	92	85	98	44	46	66	79	64	61	51	90	56	26	94	97	68	100	55	69	86	56	28	66	34	68	98	76	40	67	88	47	48	99	99	69	50	64	31	86	
76	70	40	40	37	46	40	85	91	84	31	37	43	82	64	54	90	0	70	84	99	97	87	84	77	88	72	83	55	69	56	85	61	77	86	66	47	69	61	93	57	44	60	25	75	31	67	76	75	81	74	99	46	84	25	31	29	95	41	84	44	46	81	47	60	94	95	92	44	82	76	60	61	40	63	93	88	97	98	94	36	44	55	83	83	83	59	56	
73	74	81	88	45	84	38	34	84	100	30	57	88	73	96	57	96	85	0	43	87	28	42	32	90	28	97	87	91	63	82	100	56	41	55	33	52	32	40	54	87	93	98	87	56	87	80	59	56	70	70	75	100	81	25	72	34	93	76	49	42	59	76	44	36	78	70	77	30	91	40	41	80	84	97	79	81	39	41	26	88	82	41	56	45	76	88	28	
72	73	59	33	80	26	56	65	32	73	58	27	43	50	73	53	66	83	30	0	28	39	60	88	50	52	89	84	46	86	78	93	91	56	38	67	65	51	80	98	42	35	43	85	87	55	90	70	27	82	62	99	51	80	37	91	48	76	36	46	93	26	69	96	88	68	41	27	69	73	36	30	48	68	53	40	27	82	29	45	83	53	48	51	98	72	78	51	
36	64	67	77	77	86	59	80	37	49	25	58	86	95	67	68	68	100	80	33	0	58	61	66	69	36	80	64	51	69	27	94	82	63	56	60	37	77	27	77	38	44	96	81	87	46	50	74	88	57	58	57	29	54	73	64	40	81	77	64	52	63	34	56	86	27	66	33	80	73	66	63	78	63	79	99	78	96	54	72	39	62	48	77	78	89	62	85	
38	59	42	26	65	91	50	59	76	39	70	52	87	57	28	89	35	95	90	87	26	0	45	80	32	88	84	25	85	71	26	66	72	27	48	68	49	74	86	80	81	77	34	82	49	25	32	68	92	41	71	43	91	31	53	70	86	54	74	85	29	99	69	98	50	90	44	60	37	91	79	28	30	85	39	28	43	76	39	74	51	45	49	26	99	42	75	41	
95	29	84	46	74	54	38	81	44	65	26	46	61	96	98	69	92	51	91	25	39	48	0	63	87	41	66	39	38	73	92	62	46	35	51	38	77	31	28	52	43	47	68	54	51	90	46	94	49	81	75	85	95	64	85	86	48	68	49	32	29	77	39	57	64	49	66	99	71	25	99	65	73	72	39	46	38	58	95	35	55	91	39	82	85	91	87	49	
68	70	31	86	33	56	81	49	75	63	63	93	38	59	45	56	59	97	97	61	38	77	64	0	70	55	81	99	51	53	98	88	32	35	32	84	85	84	53	51	35	43	32	26	34	78	79	31	69	95	69	69	100	68	29	45	53	44	43	86	99	45	35	28	73	68	74	65	51	94	91	30	38	89	61	97	32	70	34	57	34	55	35	75	57	76	44	60	
68	84	39	42	36	73	70	61	32	27	51	84	94	56	95	45	43	55	85	35	69	70	86	76	0	87	75	66	54	82	39	34	67	68	78	71	45	83	33	54	28	34	28	37	85	51	46	88	41	34	63	44	47	46	33	63	36	99	87	93	77	48	42	75	37	40	78	33	31	27	34	39	42	89	90	47	53	61	40	75	77	28	83	42	25	92	42	79	
39	29	91	73	29	68	96	95	92	52	49	66	38	98	37	79	99	37	73	75	96	30	84	39	58	0	34	62	50	54	52	72	80	96	83	25	90	63	56	54	74	65	72	53	60	96	83	83	45	84	31	75	68	94	48	29	35	60	79	25	82	72	29	71	77	62	100	83	69	83	26	48	60	98	56	36	41	52	88	70	39	69	87	29	60	83	54	57	
49	47	94	47	63	71	36	44	96	99	63	93	62	25	45	100	93	26	28	29	93	36	65	96	48	47	0	31	97	58	75	58	69	97	64	63	53	77	65	56	28	86	32	97	69	77	73	33	87	29	73	64	37	53	81	74	75	33	81	70	95	41	29	69	52	98	38	86	45	93	67	28	61	100	78	33	86	62	25	40	30	56	25	33	98	57	70	94	
48	27	86	71	42	55	45	60	40	53	74	99	69	43	57	77	41	45	97	26	51	61	35	77	41	46	35	0	76	79	79	84	44	55	100	36	39	33	36	88	29	46	72	69	51	97	52	62	36	45	64	68	90	48	97	25	90	42	93	44	97	43	93	33	52	64	26	56	49	46	69	87	95	96	91	33	94	64	89	35	35	73	35	78	72	91	90	44	
71	26	65	97	52	95	66	98	47	80	68	59	39	38	83	67	66	50	26	61	83	98	61	88	84	35	27	52	0	52	80	74	50	51	43	35	86	51	32	94	39	64	42	64	40	38	30	63	99	63	65	51	52	49	46	71	59	100	62	91	95	87	58	27	45	78	36	97	90	71	96	87	94	97	27	54	38	45	46	46	66	42	25	35	27	33	71	39	
36	37	71	66	54	70	59	77	80	48	35	93	33	72	98	70	35	72	34	95	92	27	71	77	27	70	42	86	37	0	30	37	61	86	76	62	35	65	93	58	42	60	43	86	41	47	74	40	42	49	31	52	25	91	90	40	77	62	44	64	96	33	46	68	40	33	93	89	71	25	87	42	26	89	92	73	73	25	90	42	32	43	90	59	64	70	61	82	
25	44	37	91	67	87	99	63	77	72	77	26	45	38	56	100	42	35	57	39	32	50	57	76	60	48	73	54	82	61	0	73	68	30	57	60	70	71	61	98	42	36	64	57	99	100	57	87	75	65	39	48	84	96	39	27	36	47	80	50	62	100	83	58	27	75	74	37	33	43	84	65	58	65	36	74	70	35	88	94	70	78	40	29	62	53	78	89	
56	44	93	42	38	83	95	86	67	66	61	28	65	84	70	94	37	27	79	63	55	29	25	30	29	33	99	54	43	26	52	0	87	96	48	66	50	93	74	65	53	42	36	94	28	41	71	42	68	38	56	38	73	84	77	27	43	65	88	60	74	98	80	94	50	68	98	98	69	73	27	62	67	81	47	54	62	58	47	95	25	49	82	99	57	32	25	90	
59	60	58	51	76	26	66	48	55	84	62	65	47	67	90	53	50	36	90	100	33	45	26	69	91	72	32	86	94	99	82	40	0	38	100	75	51	83	42	67	66	48	31	67	40	55	95	35	62	32	52	68	82	53	76	33	58	95	67	95	79	75	78	26	84	44	90	35	85	34	60	82	63	25	63	71	26	46	57	39	96	95	84	57	62	30	31	72	
96	27	78	57	63	55	31	45	52	43	53	91	38	61	32	30	97	44	54	39	71	100	39	68	59	37	52	25	82	51	32	60	77	0	41	74	38	93	86	89	43	25	68	59	45	63	58	93	29	53	94	65	72	27	99	29	51	66	89	59	98	59	90	26	90	89	25	32	51	25	72	74	81	73	44	70	61	28	35	82	62	93	47	91	98	33	68	35	
79	59	83	91	80	78	56	87	86	89	64	55	69	58	80	81	45	97	81	77	57	56	89	27	33	92	77	56	46	90	43	78	75	57	0	71	61	49	34	64	55	57	61	85	50	89	28	25	55	67	71	87	57	52	57	85	32	61	61	61	68	26	31	49	53	43	73	96	39	57	29	71	69	90	92	85	86	28	85	31	35	55	41	30	48	83	71	42	
98	67	92	67	82	73	41	42	56	62	32	81	58	95	84	34	83	87	28	97	87	38	67	34	30	65	45	36	69	99	73	31	94	35	82	0	63	56	97	35	84	85	97	36	67	44	94	83	56	32	59	57	80	74	85	75	72	47	66	99	77	43	81	25	70	53	87	39	40	75	93	71	48	79	49	83	60	34	35	40	87	89	46	84	91	76	84	81	
42	84	68	83	94	99	99	94	86	77	90	56	94	27	72	62	88	45	68	63	84	25	64	46	72	86	29	86	56	66	75	63	52	97	63	49	0	95	97	61	57	65	28	34	79	45	35	82	84	89	59	76	41	50	59	68	86	94	37	68	100	31	54	74	50	58	40	56	86	73	58	28	46	42	52	48	63	39	50	43	88	85	65	59	54	99	31	37	
33	38	45	92	67	82	93	46	93	37	43	81	86	86	88	33	57	95	81	83	41	50	69	69	90	39	76	69	59	100	38	77	68	85	58	45	60	0	57	85	50	36	94	75	35	84	36	49	97	66	54	35	95	53	80	37	67	99	90	98	39	37	90	54	42	86	94	31	66	44	46	93	85	45	47	28	41	54	95	83	27	42	65	50	70	76	60	61	
67	40	83	71	58	94	68	44	47	83	29	85	65	37	88	85	66	85	45	91	92	47	87	59	70	92	92	90	63	94	46	84	83	83	38	98	51	44	0	83	100	88	70	66	35	63	54	55	41	50	100	99	35	58	87	68	90	96	94	45	49	100	25	32	38	95	27	90	75	80	78	27	100	58	48	32	90	31	31	92	60	47	99	32	62	50	76	80	
55	38	96	72	30	98	36	65	84	39	65	96	43	87	30	32	63	68	28	64	59	58	38	31	71	70	64	53	75	53	65	29	78	64	92	93	93	63	51	0	94	29	66	46	100	40	82	100	47	70	89	43	41	83	96	31	97	94	36	59	74	43	59	89	80	63	45	43	60	76	88	100	97	56	69	61	69	75	33	72	77	48	81	78	90	49	81	46	
45	74	51	73	26	34	62	74	49	47	53	36	68	84	86	73	56	81	44	60	75	63	30	90	61	48	89	66	52	42	56	100	70	72	91	33	29	78	35	55	0	85	38	50	71	92	32	68	29	64	92	81	78	64	31	88	82	59	97	63	53	34	56	93	57	97	28	45	59	34	33	62	83	38	84	86	64	43	73	40	68	51	25	81	71	64	94	79	
90	72	61	34	80	26	26	38	32	65	42	50	31	96	28	62	39	61	52	69	50	62	37	47	99	27	60	90	42	65	49	89	82	51	83	77	66	67	54	49	100	0	43	64	68	79	44	46	73	39	61	96	38	93	87	93	78	71	69	47	35	67	55	42	97	90	47	74	51	83	100	86	70	100	84	39	76	89	82	61	43	84	97	70	35	29	64	65	
97	31	71	95	28	41	86	41	79	55	61	99	53	63	45	55	90	34	38	88	80	63	100	93	78	50	100	39	45	92	44	93	93	38	32	38	52	55	88	25	80	68	0	92	79	54	71	42	96	82	45	83	32	54	68	52	47	29	34	25	56	53	36	33	58	86	46	77	37	91	64	39	32	48	39	39	28	61	78	34	38	83	83	56	81	40	53	74	
52	25	32	47	33	65	53	53	41	100	47	57	43	81	63	25	30	71	66	59	96	47	93	58	90	39	47	86	87	40	71	56	53	30	41	49	81	50	88	39	79	87	25	0	31	94	93	70	70	58	26	84	60	47	62	73	96	68	85	63	30	52	47	58	92	96	76	26	51	25	66	95	37	83	83	49	51	76	37	61	72	36	46	75	100	60	98	49	
64	62	86	66	89	75	51	77	29	36	59	59	65	70	69	62	48	100	55	70	48	30	56	83	78	81	89	70	72	81	68	44	55	35	97	68	56	44	85	87	40	55	45	31	0	27	100	87	66	33	81	34	63	53	43	93	86	54	54	38	40	98	95	79	99	79	61	64	66	67	74	30	36	31	91	88	100	74	64	52	84	78	32	84	40	89	43	96	
37	25	97	66	96	38	78	87	27	33	80	35	58	27	31	61	97	72	85	31	99	99	53	49	94	85	100	28	67	92	41	36	56	46	100	59	29	73	42	47	91	36	85	44	36	0	61	34	96	41	55	55	53	46	54	81	62	85	70	45	38	80	86	62	83	34	54	32	52	36	35	35	96	89	72	56	95	84	31	66	83	65	72	79	34	87	67	37	
50	69	41	41	42	36	85	73	75	74	82	85	40	79	29	39	43	74	62	30	84	29	57	85	93	63	93	46	100	32	60	34	85	42	27	70	47	62	81	35	81	75	78	66	62	42	0	62	58	67	48	31	31	53	71	36	87	28	40	49	76	92	52	82	33	50	31	47	78	96	52	36	31	71	95	46	31	51	47	61	30	29	99	95	77	98	77	81	
42	63	57	84	68	88	71	44	51	63	54	41	40	49	79	27	32	37	80	61	59	31	91	61	26	65	94	86	54	39	66	45	68	73	65	96	79	36	67	71	59	95	45	53	79	29	43	0	79	91	86	53	77	89	32	99	99	55	74	51	29	60	97	59	35	73	58	27	60	75	50	49	53	73	89	75	68	76	54	53	66	92	29	96	53	88	91	55	
49	88	28	86	29	90	54	41	84	90	58	34	55	33	48	49	46	57	89	68	27	77	31	80	47	57	100	61	33	93	69	58	86	35	90	47	66	40	75	90	94	25	87	88	31	86	61	100	0	74	91	63	31	58	89	50	81	42	90	25	29	46	80	77	86	39	67	78	35	57	69	97	43	79	82	79	34	76	99	71	82	31	84	35	30	51	76	75	
42	37	59	93	82	69	41	64	78	25	51	73	27	27	84	88	80	69	40	72	64	32	67	44	33	85	91	29	48	62	40	28	74	29	46	49	87	39	83	68	54	49	74	48	33	62	61	61	87	0	98	100	60	67	29	90	25	41	68	64	78	31	33	50	57	44	52	57	96	80	26	56	88	100	25	98	37	54	36	56	76	42	79	82	48	52	99	74	
29	98	75	25	68	50	40	34	98	66	90	50	60	90	92	40	57	97	28	88	64	81	84	83	43	69	37	91	99	31	42	68	50	50	64	78	64	51	82	42	38	42	72	95	87	38	91	96	79	39	0	71	64	30	98	78	30	48	62	81	91	63	78	64	63	32	52	27	96	75	87	90	89	90	69	96	77	63	68	87	77	98	61	43	26	62	38	62	
37	81	56	52	44	95	62	74	96	52	68	63	87	100	66	97	33	74	44	42	29	73	86	58	97	93	62	49	81	87	67	93	70	56	40	42	55	56	91	68	83	66	73	61	64	29	80	84	54	28	66	0	90	91	69	52	37	87	72	74	80	59	40	32	79	87	83	63	45	73	48	91	71	95	31	51	76	48	78	37	91	95	99	47	95	71	31	62	
28	41	58	87	97	67	46	95	40	35	41	72	92	83	71	49	55	90	30	31	81	35	68	96	28	30	51	28	66	71	95	32	95	86	95	55	79	29	29	60	27	62	52	96	99	49	72	85	73	64	99	74	0	70	39	91	41	63	35	67	83	56	42	72	43	32	72	62	42	91	56	96	64	30	75	65	85	47	90	43	69	46	54	34	48	41	62	92	
37	36	97	96	62	78	34	97	79	91	47	64	30	93	66	45	94	70	46	41	73	82	74	71	57	66	41	31	92	100	83	67	54	34	41	58	77	35	79	90	80	41	73	83	72	99	50	35	58	74	54	45	55	0	90	74	100	72	91	48	27	25	83	27	49	86	95	25	59	38	97	90	50	66	48	45	88	95	58	55	55	62	60	58	62	37	91	76	
42	96	53	56	39	47	42	92	77	88	85	25	64	53	46	94	99	50	37	63	80	72	72	34	87	66	80	26	39	35	42	82	62	68	66	74	97	87	63	44	30	38	40	54	92	27	89	87	82	26	31	62	30	79	0	93	36	94	41	35	87	60	25	90	49	99	89	83	41	69	83	67	88	32	72	46	47	56	32	100	84	52	70	53	60	61	84	39	
72	41	71	53	28	66	70	60	83	43	44	60	33	94	47	81	28	63	56	54	62	71	89	92	70	80	45	84	41	53	98	52	28	50	86	77	70	80	89	63	62	78	95	80	52	33	69	50	98	28	30	29	48	67	41	0	42	69	94	76	37	34	54	76	81	95	45	65	74	68	57	56	33	66	25	94	37	67	99	42	82	98	32	58	30	49	26	47	
96	49	78	27	33	25	56	64	92	64	96	52	56	48	27	46	38	66	56	99	96	85	32	73	56	43	38	43	82	69	96	35	41	38	74	31	29	65	90	69	83	68	75	91	78	79	97	40	76	76	30	59	78	77	100	45	0	30	89	61	53	64	90	96	31	30	74	78	35	99	32	53	74	97	77	71	81	43	56	30	93	34	93	89	71	82	58	37	
95	78	60	32	35	95	94	69	30	28	76	43	94	37	87	81	77	98	35	67	77	64	29	38	93	98	87	55	80	88	65	41	31	47	56	65	65	71	34	29	28	42	91	26	30	62	88	52	48	51	88	39	34	35	41	72	82	0	51	59	70	32	34	50	75	58	57	66	57	55	83	91	29	45	67	51	31	74	60	59	98	32	31	40	90	88	53	62	
74	55	49	32	63	61	75	89	55	62	86	67	94	100	50	69	70	44	49	61	39	70	43	87	72	49	45	37	31	70	71	89	98	37	59	26	68	65	32	96	29	85	82	64	45	41	84	61	65	45	62	94	70	26	79	47	30	79	0	90	100	42	43	86	65	46	26	42	97	53	93	96	100	72	74	97	29	67	42	32	40	57	26	95	51	36	61	28	
91	97	78	70	90	82	61	27	60	34	84	83	43	74	47	85	93	27	92	87	84	63	99	92	42	55	94	65	36	97	25	38	43	58	54	54	49	26	39	52	32	52	35	66	99	74	98	93	75	80	36	80	39	97	31	54	38	100	61	0	70	34	68	61	49	92	75	99	29	28	90	43	57	77	87	83	81	56	91	54	39	31	67	26	68	64	96	37	
81	76	80	62	42	89	28	50	77	29	90	30	63	96	81	76	30	64	83	69	79	47	80	54	47	60	98	89	91	88	100	65	47	99	61	79	59	72	82	34	30	59	29	62	78	43	56	54	98	72	66	40	79	73	73	56	34	59	77	52	0	68	72	79	49	59	68	63	67	93	59	50	51	39	88	63	90	64	74	47	62	59	37	71	32	43	76	67	
76	27	46	87	37	67	62	49	30	69	34	46	77	86	77	88	48	79	54	43	96	86	72	45	64	96	29	100	48	40	74	58	76	56	86	30	91	70	39	61	56	80	77	87	48	94	50	48	25	32	91	92	76	71	97	41	95	87	49	58	46	0	80	48	72	37	80	84	97	54	46	76	89	65	86	89	69	69	60	50	69	74	33	90	76	97	100	91	
100	52	37	75	26	49	97	34	86	77	89	69	74	89	98	100	92	69	72	72	43	56	52	81	38	96	54	32	68	53	42	95	42	100	97	42	67	32	36	44	62	39	88	47	77	92	83	84	27	56	63	72	55	25	74	77	86	66	55	60	29	31	0	91	43	92	70	72	50	45	44	98	63	77	56	28	58	46	87	91	83	100	55	92	59	50	96	72	
55	33	66	73	63	96	59	90	26	42	86	60	69	39	98	54	25	45	37	74	64	56	37	37	76	38	52	92	82	39	28	39	64	54	69	95	40	36	33	33	38	28	82	42	96	77	93	56	97	68	76	54	28	73	44	29	51	56	91	66	92	42	27	0	68	44	52	71	44	86	58	63	52	90	38	76	34	39	65	39	38	89	29	69	59	33	54	83	
59	61	67	38	25	45	77	71	59	64	92	71	82	27	56	85	92	82	61	46	63	31	97	25	89	77	66	95	34	81	40	46	100	92	81	47	61	53	72	71	50	84	49	85	63	48	51	87	53	98	37	97	78	87	43	80	89	67	34	69	66	86	56	85	0	74	89	50	49	38	50	91	75	29	56	69	61	75	95	61	30	62	79	59	26	44	64	89	
44	41	72	62	50	49	72	72	32	84	86	46	95	82	43	79	87	59	42	91	29	27	51	30	43	71	83	44	92	65	97	80	30	41	96	98	98	86	62	33	78	70	93	29	25	68	63	94	95	93	33	27	90	88	97	66	26	25	96	29	57	57	71	33	63	0	40	81	85	50	90	82	50	82	97	40	33	96	72	65	49	46	47	58	81	72	89	58	
62	29	94	43	93	32	70	75	78	50	64	53	81	63	61	61	97	29	44	53	90	94	33	51	70	47	27	35	70	95	76	98	59	76	91	32	55	69	32	46	97	51	100	72	98	73	63	80	92	32	37	86	83	81	80	28	87	98	61	56	49	28	96	63	34	74	0	64	40	72	62	33	32	61	70	80	84	30	32	77	46	56	47	32	35	38	57	90	
63	65	36	84	69	50	99	98	67	43	59	61	42	45	67	31	38	25	85	97	29	79	56	82	89	71	41	25	99	98	66	66	47	50	63	95	94	77	36	36	53	100	81	75	94	85	39	81	71	79	62	35	73	42	93	91	91	29	70	82	33	44	96	70	42	55	99	0	100	85	68	71	95	77	53	65	94	98	60	71	28	76	47	41	36	61	84	46	
77	26	27	100	53	38	52	97	91	27	85	60	64	79	57	61	40	48	61	90	61	55	87	66	32	50	39	96	50	34	34	63	31	67	56	90	68	99	48	36	90	32	99	83	35	65	98	87	61	48	66	92	46	76	45	61	72	92	73	71	39	71	62	62	74	82	73	37	0	63	94	85	49	82	81	40	41	32	89	91	48	49	95	43	52	52	90	69	
61	36	56	36	49	82	28	86	81	45	74	63	43	87	36	63	48	91	87	51	60	91	98	72	94	55	93	37	92	93	85	97	59	29	87	66	58	91	40	28	98	99	98	82	67	81	96	47	53	91	90	61	59	37	86	57	61	41	74	44	87	33	52	82	51	99	70	46	93	0	39	64	66	70	35	77	84	55	27	53	51	56	40	40	99	33	74	35	
27	96	75	96	56	34	40	32	44	47	48	63	28	25	47	39	83	54	41	74	41	29	66	91	64	63	86	90	30	38	85	96	74	31	100	41	36	59	87	33	45	99	73	89	75	65	41	37	78	51	85	56	66	69	97	73	25	26	71	74	42	68	89	84	73	62	39	62	87	80	0	66	43	49	54	39	77	98	60	44	90	100	28	70	65	72	33	49	
54	53	51	78	70	72	87	33	83	63	98	56	41	91	85	44	63	84	61	82	49	48	43	29	25	29	76	43	90	39	65	53	95	66	65	93	45	99	87	37	61	43	65	38	50	84	41	54	89	56	43	96	86	49	31	41	63	35	93	68	69	56	100	90	73	95	79	29	54	76	49	0	62	34	58	64	87	44	66	79	88	61	29	92	79	78	56	30	
59	26	25	31	71	33	43	57	45	84	65	91	59	42	89	83	72	70	96	26	49	64	60	83	34	59	93	91	93	67	83	48	90	60	54	77	44	41	66	78	95	73	38	68	31	47	82	84	96	30	28	33	87	50	62	56	53	83	91	36	26	48	56	54	38	59	95	73	40	44	80	46	0	50	83	54	60	91	39	38	97	28	77	91	66	68	41	98	
90	64	67	45	37	42	59	37	37	74	95	72	89	91	80	49	67	84	74	82	54	77	78	80	73	53	72	38	88	29	73	54	42	81	57	26	62	86	69	69	57	32	71	42	100	48	43	93	58	80	70	43	90	39	50	43	63	31	85	71	44	89	61	27	42	58	92	86	28	70	98	27	64	0	86	36	71	90	35	77	27	94	91	44	87	86	26	84	
54	74	41	49	36	34	37	70	75	54	90	100	53	25	43	75	84	51	36	78	78	91	29	70	40	74	78	79	37	65	63	97	45	35	87	59	29	60	35	61	48	27	90	29	60	93	83	93	73	45	84	32	44	91	89	44	26	49	88	72	67	70	93	69	28	35	89	25	48	79	61	72	62	58	0	70	37	36	57	61	45	71	97	25	31	62	87	95	
40	32	85	91	71	75	30	58	39	48	31	66	72	68	92	49	95	39	90	26	54	73	87	42	35	67	30	89	82	58	41	36	77	63	50	78	31	44	49	26	42	52	28	25	67	82	34	67	52	78	50	58	69	26	91	36	72	100	75	53	96	33	53	87	56	67	37	45	55	55	66	33	45	93	99	0	42	70	75	97	79	69	36	52	35	40	40	25	
55	35	68	48	96	40	57	54	29	95	29	29	82	65	62	40	43	86	28	92	92	60	31	25	82	29	77	88	64	50	99	73	49	32	41	71	77	73	72	32	86	36	49	67	40	84	41	52	44	99	91	95	94	41	82	96	47	98	39	57	77	74	70	42	94	59	67	57	70	44	39	99	28	25	61	34	0	68	55	25	91	92	43	47	95	28	100	63	
27	39	98	87	43	51	62	56	84	92	42	45	57	77	59	89	34	40	43	40	92	94	78	30	61	42	90	53	76	88	79	51	48	72	42	47	99	96	83	95	74	61	36	75	33	25	53	40	51	62	34	83	51	75	91	54	71	63	32	98	33	97	98	49	64	79	94	52	28	46	39	30	39	34	58	95	30	0	31	53	36	86	74	75	77	85	33	90	
26	82	60	100	44	83	74	91	30	31	42	43	48	62	49	29	69	89	26	63	45	62	62	32	89	25	97	85	86	50	39	55	29	84	42	90	46	47	90	63	79	91	41	81	70	100	53	39	97	91	34	91	43	81	67	77	88	78	27	43	88	50	63	47	46	91	87	94	39	43	66	81	39	34	55	94	58	79	0	80	36	63	68	69	86	79	80	94	
40	53	62	74	57	66	56	97	65	94	70	64	38	84	90	75	97	25	91	84	29	86	67	73	68	74	65	74	68	26	53	78	59	96	93	27	62	57	99	29	96	41	95	80	89	26	94	54	44	26	78	39	34	42	33	51	32	54	53	49	73	94	61	96	95	48	51	63	77	76	74	53	97	46	27	44	42	76	77	0	87	33	38	89	38	34	69	46	
35	80	81	36	100	36	55	73	97	26	32	91	69	82	82	92	38	32	73	32	63	91	85	78	38	44	29	32	94	47	84	84	44	85	80	99	82	98	75	57	34	77	96	38	100	31	71	37	99	72	78	26	90	92	37	76	43	93	25	52	97	53	83	92	66	95	67	80	31	91	59	63	98	66	100	47	29	32	49	60	0	97	62	67	25	84	57	43	
43	26	48	63	72	84	27	94	67	46	50	45	82	70	38	25	63	58	74	88	94	83	78	86	73	98	94	45	46	44	58	92	37	62	32	95	50	66	99	41	68	38	48	58	52	38	62	51	76	90	44	35	34	51	74	89	48	95	31	68	42	59	60	83	26	42	85	89	76	50	89	75	61	36	85	73	77	86	76	89	99	0	91	63	31	35	48	75	
44	96	69	98	35	74	32	75	87	32	50	78	39	38	74	31	51	52	77	46	40	94	100	53	68	78	100	57	94	35	27	86	44	41	88	51	62	32	90	66	48	55	54	49	48	66	86	54	50	96	96	99	95	39	45	27	99	100	50	66	53	56	67	30	37	98	73	73	57	56	98	53	34	50	59	88	60	81	64	80	36	80	0	41	73	91	100	64	
95	68	70	59	88	75	31	47	84	89	58	61	30	44	92	78	98	39	46	53	79	65	66	81	61	58	35	73	86	44	83	89	28	48	94	45	64	49	57	25	83	92	31	31	88	54	86	85	71	31	95	87	100	91	31	34	45	91	57	70	74	43	96	36	71	85	79	54	30	85	39	80	89	75	84	70	62	55	76	68	88	76	82	0	72	46	63	97	
46	26	91	87	44	93	85	78	89	36	74	53	36	62	25	67	34	77	100	42	32	61	82	70	83	82	41	32	36	70	47	59	92	68	64	95	53	44	49	35	37	63	96	47	68	28	82	59	99	39	98	27	86	75	78	35	91	35	51	69	71	55	55	39	64	41	74	83	30	91	46	85	64	82	29	95	58	92	37	70	38	67	63	39	0	71	28	70	
54	77	67	27	93	83	97	29	75	64	99	32	64	66	50	39	26	30	54	47	75	41	46	27	38	63	27	56	94	40	97	53	67	71	40	88	82	90	60	82	72	27	52	25	71	31	46	78	78	63	26	80	67	25	72	76	38	63	100	42	42	74	71	63	25	46	67	52	56	58	25	99	99	89	25	90	97	98	42	100	64	45	99	61	95	0	48	86	
35	68	38	85	55	99	91	25	62	76	68	26	59	99	84	100	54	98	42	83	41	97	62	96	36	59	88	99	27	33	56	78	66	30	92	80	97	99	72	63	72	78	83	92	68	73	65	46	52	38	52	89	66	45	62	58	60	69	85	77	32	41	79	26	39	50	26	44	61	92	76	80	91	92	69	66	25	86	43	58	69	43	72	85	63	50	0	56	
93	50	85	91	81	95	40	65	46	40	86	84	38	51	75	29	38	62	83	30	96	46	70	89	34	62	51	74	68	28	74	36	54	90	40	70	25	99	58	45	35	95	29	32	69	60	26	91	59	85	32	72	81	67	55	26	82	75	58	91	99	90	99	26	87	84	46	66	90	78	95	45	69	87	61	78	41	83	79	38	33	63	76	29	66	72	75	0	
26	39	71	55	88	39	71	40	39	35	58	81	77	62	59	80	9	22	66	56	85	63	13	89	30	62	42	27	77	17	44	29	61	19	26	54	81	
39	26	55	26	50	31	64	16	47	41	24	57	45	23	45	41	46	16	55	30	56	32	39	50	23	30	25	29	57	54	5	47	27	55	38	27	46	
71	55	26	78	80	85	18	70	40	40	72	108	31	57	100	59	71	60	109	25	103	81	61	71	75	32	32	44	110	87	55	95	36	91	48	29	85	
55	26	78	26	39	23	89	15	73	66	9	31	60	26	24	42	63	35	33	53	31	8	60	45	26	48	51	54	32	65	23	48	45	64	62	49	28	
88	50	80	39	26	62	96	50	93	87	32	46	50	28	58	21	96	66	64	59	34	32	90	12	63	48	66	78	52	101	45	86	46	101	87	56	14	
39	31	85	23	62	26	92	16	68	62	30	42	74	44	21	62	48	28	29	61	48	30	48	67	11	60	54	49	39	46	32	25	57	43	55	57	51	
71	64	18	89	96	92	26	79	33	36	84	120	49	72	109	76	68	65	118	38	116	94	58	88	81	48	38	45	121	85	66	97	51	89	45	41	100	
40	16	70	15	50	16	79	26	60	53	18	44	58	29	30	48	48	20	39	46	46	23	45	54	13	44	41	41	44	51	16	37	41	51	48	42	42	
39	47	40	73	93	68	33	60	26	7	71	104	60	65	88	77	35	41	97	39	104	80	26	89	57	49	27	19	103	52	52	68	50	57	14	40	92	
35	41	40	66	87	62	36	53	7	26	64	97	56	59	81	72	32	34	90	34	97	73	22	83	51	45	22	12	96	49	45	62	46	53	9	35	86	
58	24	72	9	32	30	84	18	71	64	26	36	52	17	33	33	66	36	42	47	33	10	61	37	31	41	47	53	38	70	19	54	37	69	62	43	24	
81	57	108	31	46	42	120	44	104	97	36	26	85	51	24	60	90	65	23	83	13	26	89	57	51	76	82	85	7	87	54	64	73	85	92	79	32	
77	45	31	60	50	74	49	58	60	56	52	85	26	35	84	29	80	58	93	22	78	61	70	40	68	15	36	53	89	93	42	91	17	95	61	23	58	
62	23	57	26	28	44	72	29	65	59	17	51	35	26	50	19	69	40	59	34	45	26	62	27	41	25	38	49	55	77	18	66	22	77	59	30	28	
59	45	100	24	58	21	109	30	88	81	33	24	84	50	26	65	68	47	9	75	34	26	69	66	31	72	71	69	19	64	45	40	68	61	75	72	44	
80	41	59	42	21	62	76	48	77	72	33	60	29	19	65	26	86	57	73	40	51	39	78	12	60	29	50	64	65	95	36	85	27	95	73	38	30	
9	46	71	63	96	48	68	48	35	32	66	90	80	69	68	86	26	30	76	59	94	71	10	96	39	66	44	28	87	17	51	37	65	22	23	57	89	
22	16	60	35	66	28	65	20	41	34	36	65	58	40	47	57	30	26	56	39	67	43	25	67	17	43	28	22	63	37	22	35	41	39	28	36	60	
66	55	109	33	64	29	118	39	97	90	42	23	93	59	9	73	76	56	26	85	35	34	77	73	39	81	80	78	17	70	54	44	77	66	84	81	50	
56	30	25	53	59	61	38	46	39	34	47	83	22	34	75	40	59	39	85	26	78	57	49	52	52	11	14	31	85	72	30	74	13	75	39	4	62	
85	56	103	31	34	48	116	46	104	97	33	13	78	45	34	51	94	67	35	78	26	24	91	46	55	71	80	85	20	94	52	72	67	92	94	75	21	
63	32	81	8	32	30	94	23	80	73	10	26	61	26	26	39	71	43	34	57	24	26	68	40	34	50	57	61	29	73	29	55	47	72	70	53	21	
13	39	61	60	90	48	58	45	26	22	61	89	70	62	69	78	10	25	77	49	91	68	26	89	38	57	34	17	86	27	45	42	56	31	13	48	85	
89	50	71	45	12	67	88	54	89	83	37	57	40	27	66	12	96	67	73	52	46	40	89	26	67	41	62	75	63	103	45	91	39	104	84	50	25	
30	23	75	26	63	11	81	13	57	51	31	51	68	41	31	60	39	17	39	52	55	34	38	67	26	53	44	39	48	40	26	25	50	38	44	49	54	
62	30	32	48	48	60	48	44	49	45	41	76	15	25	72	29	66	43	81	11	71	50	57	41	53	26	23	40	79	79	28	77	4	81	48	10	53	
42	25	32	51	66	54	38	41	27	22	47	82	36	38	71	50	44	28	80	14	80	57	34	62	44	23	26	17	83	59	28	63	24	62	25	14	66	
27	29	44	54	78	49	45	41	19	12	53	85	53	49	69	64	28	22	78	31	85	61	17	75	39	40	17	26	84	43	34	52	40	47	9	30	75	
77	57	110	32	52	39	121	44	103	96	38	7	89	55	19	65	87	63	17	85	20	29	86	63	48	79	83	84	26	83	55	59	75	80	91	81	38	
17	54	87	65	101	46	85	51	52	49	70	87	93	77	64	95	17	37	70	72	94	73	27	103	40	79	59	43	83	26	59	26	77	5	40	71	93	
44	5	55	23	45	32	66	16	52	45	19	54	42	18	45	36	51	22	54	30	52	29	45	45	26	28	28	34	55	59	26	51	25	59	43	27	41	
29	47	95	48	86	25	97	37	68	62	54	64	91	66	40	85	37	35	44	74	72	55	42	91	25	77	63	52	59	26	51	26	74	22	54	71	76	
61	27	36	45	46	57	51	41	50	46	37	73	17	22	68	27	65	41	77	13	67	47	56	39	50	4	24	40	75	77	25	74	26	79	48	11	49	
19	55	91	64	101	43	89	51	57	53	69	85	95	77	61	95	22	39	66	75	92	72	31	104	38	81	62	47	80	5	59	22	79	26	44	73	92	
26	38	48	62	87	55	45	48	14	9	62	92	61	59	75	73	23	28	84	39	94	70	13	84	44	48	25	9	91	40	43	54	48	44	26	39	84	
54	27	29	49	56	57	41	42	40	35	43	79	23	30	72	38	57	36	81	4	75	53	48	50	49	10	14	30	81	71	27	71	11	73	39	26	59	
81	46	85	28	14	51	100	42	92	86	24	32	58	28	44	30	89	60	50	62	21	21	85	25	54	53	66	75	38	93	41	76	49	92	84	59	26	
3040		2173		2325		2584		2774		696		9702		2324		3528		2178		2940		3840		7140		3864		2040		2368		4465		3060		2755		4189		5376		3034		3650		6320		612		4118		3162		5170		3913		3400		2107		800		3332		1813		4071		1809		4588		
304		4278		2738		4725		6720		1410		2982		3120		3306		1295		3234		8536		2706		4761		6499		2697		285		2100		3848		2135		3162		5467		325		6240		2508		1700		3478		1110		8415		532		2550		1802		4355		1062		2444		3422		8188		
4224		1720		7200		900		4606		2080		8453		1914		2225		2214		780		448		7700		3354		737		4144		3848		2058		1513		2201		1932		1394		4526		3360		2450		6072		5589		2660		448		2059		1886		3871		2268		2277		3157		3685		1518		
5476		3658		252		5418		4717		8645		650		3311		3081		2800		6720		3944		4059		5742		5778		3795		6840		6240		7956		2508		9408		4950		6200		5600		7938		3936		3700		1175		8142		8900		4725		5247		1170		5952		2646		1850		5640		
3080		1080		8645		1900		1728		561		3952		1400		6972		3927		1120		1450		5846		2115		125		4331		2405		3870		1305		4340		858		1452		1885		4340		2052		1848		2535		1856		1512		4650		2496		3510		2898		2760		6461		5742		1599		
4557		650		2320		784		4418		840		4950		684		7100		2432		1328		2178		2470		2880		700		1421		4292		2688		1421		3355		1368		1215		3752		4452		1501		5044		2808		4368		1248		2596		750		3680		3234		3135		1740		3328		1188		
6208		4346		9396		1664		2145		1794		6552		2774		6956		4136		2419		962		6072		1682		448		2263		3285		4860		75		4897		1147		2176		5624		2960		2923		5680		5226		2128		760		4757		4664		1763		5313		3276		6156		2880		4692		
4914		3744		5460		4802		1168		1890		7830		4047		3204		6636		2320		4270		1560		1682		3570		948		4508		3381		7238		2912		4950		2024		8010		204		2660		2624		5580		6004		3417		9222		1692		6580		2145		5618		8415		1800		1798		
3483		1173		2048		4606		3213		1508		2520		2262		1110		1025		2068		6880		952		2916		4830		2397		2024		2184		3276		611		3850		5022		3600		2891		2881		1953		258		1064		6237		3960		1846		1575		1554		6111		1566		891		2709		
1353		496		2079		1044		2914		624		2736		656		2640		1248		1513		2107		2800		943		1295		3772		4851		570		1222		1976		4312		1575		1892		3381		1634		2952		1020		1147		4263		5060		640		2024		2343		2200		3240		1680		2870		
4108		3895		3723		2418		648		2120		2670		4059		4284		5772		575		2156		4140		1691		1404		1394		4472		1400		3068		3519		2992		1690		7680		1365		1836		3321		3762		6120		2254		8924		1190		2574		2394		9108		2340		1344		923		
5074		2444		4690		2288		1290		5544		6216		5096		7310		5688		3204		2478		1548		1104		6468		360		5022		3392		5106		3648		3984		3600		4505		272		3445		3515		1740		4189		6080		5353		3822		7031		2730		5656		5751		1472		1701		
2736		100		4240		1920		2484		896		5612		828		1232		1591		1026		2013		3285		2403		4128		2816		1764		403		1767		812		4620		2412		2800		1620		1817		1426		1886		2300		4270		3009		756		4554		1204		4732		1836		650		1950		
4161		675		945		2288		3456		3630		4557		3315		1739		1386		1443		5913		1600		621		4087		1530		4898		2394		5775		341		3060		2914		3692		1302		3456		335		1460		2196		2925		4958		644		6840		352		3876		2970		368		3009		
4560		3525		1104		6840		7110		3344		1683		3528		812		2212		2479		6592		3060		2365		8556		5940		5782		2050		6222		1470		8910		4620		3430		5616		2904		930		1848		2508		6240		7600		2499		3864		2040		7189		2124		864		6640		
3300		2310		5964		1152		5445		308		3128		392		5112		4352		2175		3312		6603		3160		1020		2622		4293		2400		1222		5340		1302		1472		4558		4453		810		4060		4752		5044		1258		4576		1290		2016		3355		1600		1508		2072		3388		
2376		4116		1456		4026		2821		2337		3504		1887		1200		996		2470		8740		3366		2394		4697		7800		1700		1519		8500		4048		4365		6570		858		7921		2944		2438		2970		1064		5640		1295		3337		4399		1590		3608		445		3344		5808		
3813		3318		7980		2343		3384		552		5757		1260		7275		4002		1302		4140		7654		5040		1701		5328		4950		1872		1040		4680		3996		1640		3180		4134		1860		7056		4736		3363		2800		2408		1408		1350		4623		2160		3100		5658		3960		
2432		2436		5920		868		1975		2772		5568		2475		5624		3105		700		2100		5100		1700		1008		1537		2160		3440		1804		2450		957		380		5226		1209		3293		4074		1785		5452		2660		6992		1824		3843		3420		3116		3752		4232		680		
3465		4410		6230		2093		2088		1290		2987		2331		5888		5504		756		594		3705		3200		2520		1026		4816		2850		1600		4810		1248		1400		5576		2555		2832		1596		5916		7178		1540		2288		3649		2584		5292		3526		3403		4464		970		
8277		4428		6208		4070		1700		3192		4674		6100		7656		7134		4186		4830		1650		1600		6545		588		7326		2840		8400		2303		2478		2703		2457		1131		6205		988		2940		5852		2475		5292		3550		6664		3663		5232		8075		2928		1330		
864		2370		6097		3174		2844		2880		2380		1829		1989		1224		1274		2482		2898		4187		4293		2840		901		378		2623		2303		6083		2808		880		5040		736		4565		1044		768		2698		912		2275		2842		4611		2418		1925		1974		4161		
4422		1998		648		7031		6630		7387		396		3920		2208		2574		3330		8690		3549		4819		6000		4875		5330		1710		7630		1053		4028		2436		3456		6776		3212		3145		990		3042		5994		7371		2464		2639		1080		2465		2173		1767		5073		
4560		3864		280		3354		7144		7912		1025		6192		3290		4370		3692		2782		2457		3472		5858		2475		4235		2205		10780		1274		4040		3564		2046		4221		7800		1680		2940		3332		10464		8096		2688		7546		1258		7680		5184		899		6068		
3042		4437		1180		4830		4914		5740		1748		5610		1980		4472		5890		6790		832		1242		8366		2184		4400		3844		2884		874		6840		4824		5250		4876		6142		968		2808		2496		4900		5605		2250		8924		1600		3298		1770		925		3408		
4320		4418		3876		2548		4980		1764		4107		800		8900		2706		2240		2325		5762		1976		102		6700		2139		3792		664		4851		1435		1736		2240		4148		2784		2368		5904		2030		874		4928		4606		3198		5810		4880		3420		3650		2162		
5742		1968		1008		1914		2117		5609		912		4788		2340		2262		3240		9600		1770		4224		3306		1404		1566		2668		4224		1036		4692		6510		1824		5544		2684		2150		459		1426		7350		4736		3956		3760		702		3234		3276		1088		5472		
2090		1786		7905		3108		3760		777		8096		2010		5782		2120		2448		5332		5002		4060		3042		5698		2883		2500		4005		4352		5727		4400		2940		4565		1632		5561		3869		1376		3306		2475		2940		270		5070		2047		2880		5307		6230		
3950		3182		3690		1976		3312		3036		6237		4644		4761		5888		4214		4958		826		1976		5624		928		4704		5800		2635		1710		3168		4743		5700		1456		6500		1300		3569		2065		3792		5130		2808		4050		1140		8827		4148		900		3960		
6402		1755		2900		2204		1725		1680		6059		3201		4692		3162		1940		5200		2079		268		2332		966		5110		1100		3355		1855		3510		1820		2112		1495		1800		2028		2993		1325		4816		5994		1958		5530		814		2997		5828		3200		810		
3384		584		2784		1564		3080		1368		2632		1564		3280		1683		2511		5005		2856		2716		4611		1100		1470		570		1550		875		4160		3440		952		2365		2322		1624		1170		1804		6305		4264		420		1274		1975		5346		2108		2200		1537		
1020		2542		3132		1512		7047		2070		3726		3120		1272		551		2322		7304		1798		1458		3315		5810		1080		532		4745		3280		5780		1891		405		5280		3264		3936		2522		980		6560		2046		1554		3053		1222		2556		1012		3861		3080		
3796		2847		6132		532		1219		2009		3395		1848		5655		2880		1264		2592		3186		910		1120		2584		6723		1768		2214		5782		1387		880		5467		2208		2640		2236		6014		5244		3069		4284		2275		2706		1680		2158		2340		2688		410		
4956		2600		7020		1710		459		3120		6825		4185		7857		3330		2133		2842		5607		2178		2200		910		5859		5952		4320		2010		1190		1144		5192		1798		2520		2146		1917		7584		1260		3840		4230		3619		4752		8648		7128		5184		265		
2254		4895		8930		2257		3960		1080		8272		4214		6076		5104		4154		3200		3007		7220		3864		9025		2430		3627		5490		2002		3168		4968		972		6077		1908		4920		5312		2750		7500		297		5487		1428		7440		474		1715		7350		4680		
3886		3003		2016		2065		2146		2940		1938		4428		3384		1978		2600		8008		650		1776		5644		2090		5796		3300		8740		858		3362		4526		1711		3000		2728		781		1650		3612		4680		8134		1672		5460		1110		4730		1470		1300		4160		
4026		2010		3362		4085		2340		1566		3819		1722		2223		2444		2275		2450		1136		522		3886		880		2343		1710		3800		1160		2583		1716		5766		1952		3339		423		1054		3036		2993		4510		2052		7469		686		3154		4455		1080		3960		
3195		568		2000		1764		4554		1776		3782		756		4508		3318		1150		1593		1036		1548		2950		1530		5200		1311		4956		1700		3416		3267		2156		1540		1710		598		2376		3168		2040		3538		455		5500		1660		4526		3813		1344		4128		
7072		2340		3750		3162		2340		3444		7161		6160		2970		6270		4050		2016		4136		2772		2158		1944		7040		7872		5963		4087		2640		5586		7725		1258		7553		3500		1971		8800		4134		5117		2700		9936		2891		8520		2910		2460		1000		
3696		1326		2592		4800		3996		2440		3100		3675		1400		912		4704		4732		3280		2726		2607		2451		1755		3080		3168		1350		6586		3762		3162		2691		1581		783		648		561		6900		5700		1924		4352		2910		4800		814		722		4275		
8000		3168		1176		2970		3280		3456		4189		1904		6097		5355		3956		4290		370		2378		2923		1920		4620		5841		4400		928		4410		1760		7200		2880		5159		551		2856		5394		3569		8064		3034		7371		1615		8036		6566		1932		2401		
5400		1452		4161		305		1628		1175		7224		1162		2208		4032		210		2772		4730		1008		986		3382		2604		1221		1672		3264		1564		470		5046		1512		2366		2107		3008		1683		3552		4225		1634		3250		2262		3136		5015		3256		2296		
6216		1575		3658		4365		1254		1914		4424		4539		6561		3800		2880		3172		2464		2024		2924		276		5580		1736		4200		2024		2040		1107		6391		477		4992		1023		3456		3196		5427		4752		2560		2759		1395		6100		4851		3738		840		
3350		660		2924		1715		2622		2655		3465		1073		2115		3239		2610		3250		2436		1170		4524		1023		1705		2320		4422		1782		3782		3120		4042		1764		1786		795		1080		2046		1876		3960		1144		6200		1176		3468		3612		420		3450		
2774		3420		190		5280		6804		7308		476		3888		2255		2911		7104		8580		1122		2760		2550		1586		4015		2170		5712		1863		8190		3276		1984		4320		4081		1666		1156		2576		7504		3471		4275		8827		1064		3162		3000		1178		4524		
6972		2576		4187		1224		160		4902		6175		2115		5400		6552		1971		3444		2650		2025		4876		1953		2548		4650		4307		2052		930		2106		4902		1245		4930		3008		2394		2368		3408		8342		1763		6156		1628		6528		8051		1512		520		
1368		4437		8820		5251		7857		2262		7470		3666		5742		2754		4290		4880		7440		3626		2632		4876		1978		3168		5307		3796		4089		5440		1888		3000		1054		3354		3000		3634		6375		621		3920		1513		2052		125		1395		6035		2376		
3468		1040		1914		5340		2610		1846		1170		5170		3216		3285		1820		4928		780		3034		2988		3663		3780		3468		5888		780		4920		1860		4740		4704		2961		636		910		2279		6279		6715		2457		7654		405		5394		3700		392		3843		
9000		4960		6700		4154		2349		5063		8245		2040		7161		7568		2385		4575		2016		3042		6216		735		10494		4524		7098		4644		2176		3990		7372		702		5265		2236		5346		4756		2916		10465		3192		4028		1978		10788		3549		1855		2408		
1768		3402		354		2528		5146		8316		975		4760		3220		3290		6570		5995		1728		2160		4000		4914		5762		3538		3161		2314		8715		5146		5643		3675		3922		1995		1320		1763		3885		2604		4648		4324		2850		7047		1188		1440		4263		
2310		1392		1170		2340		1972		4080		1014		2565		1330		2754		4186		2460		782		1683		3034		1240		1798		2698		6552		86		6318		5488		2832		2860		1377		1067		351		840		5376		5976		2700		5402		858		2072		1558		90		1891		
141		2952		3330		3080		7832		1786		6956		1968		2394		1672		5900		4800		2528		3584		4060		5248		390		1992		1950		4661		8160		4410		768		4914		2190		2990		1485		960		2926		1316		3634		1107		2268		496		1856		4161		2706		
4992		1653		1444		1920		3168		2401		4488		986		3105		2240		2541		6348		1690		1176		2542		1120		1881		1056		2952		598		3965		2279		3744		2244		2898		539		1422		2336		2414		3468		990		2640		666		2520		4100		530		2499		
2368		1350		6560		858		3008		252		2494		945		2604		4950		2976		4800		4118		3124		1971		3038		3276		1449		3348		1938		4644		1394		3234		4828		256		4731		2688		4042		1710		1200		1247		575		5346		1326		4176		2385		2808		
5508		1519		4700		2132		1539		3542		6588		3321		9312		3960		1014		1045		3519		1887		1435		3096		5073		1647		1368		4830		279		594		7310		2470		2040		4030		4968		6873		925		4641		1890		6720		2596		4450		2784		5896		689		
814		1372		3465		4462		2340		3264		1885		2387		2628		2130		3984		4440		2178		4182		2585		4416		846		852		5481		3588		7238		2052		810		6240		1536		2448		2937		1720		5688		1323		2607		1221		1500		2400		1870		1505		5256		
3588		3816		2664		2640		520		3150		5963		5472		3185		6106		1480		4897		3321		870		5382		1092		4410		4761		5396		1458		1728		3397		3822		255		5037		4128		6208		3003		5460		5724		1968		6110		3854		4982		6699		2808		1296		
2106		2665		2886		1092		319		2300		7161		2145		5934		6400		1071		1102		4080		946		3055		1725		2580		3304		4293		4620		1988		525		6642		1800		2600		3542		3780		2310		4214		3640		2376		2325		2107		5220		4740		3432		567		
3240		243		4536		1422		4224		1357		2160		448		4235		2688		558		4704		4590		2280		2035		1161		3264		756		1196		1638		2793		1500		1075		4600		765		3515		2720		1044		1960		2756		459		2100		3400		2597		2156		1120		2688		
4624		3696		6324		912		2808		2790		3465		1110		6497		2870		1323		600		4104		2090		1216		4312		4620		4550		1900		5304		442		372		3900		4900		1976		6076		2077		2100		748		6764		3432		3300		4661		4440		3042		2112		775		
2847		1806		5922		3325		4810		416		3800		1479		4672		5762		3827		1488		5590		5700		1320		5175		1974		2345		1740		2232		3534		1428		3150		5280		874		6192		5607		1456		3354		1840		1100		600		5658		1258		5760		2108		2542		
4248		1974		5358		888		900		3108		2769		1690		2583		2622		608		5100		3060		198		3626		1764		4686		1406		3990		3036		3600		850		5133		2190		2730		2496		2257		2021		4158		5846		420		5376		1892		5328		3080		990		2175		
6900		1120		5720		1365		832		2958		7676		1200		3045		5346		544		722		5808		2912		1560		1386		4992		2050		2272		3200		544		336		7350		3772		3960		2850		5120		4968		575		5609		3312		4012		4770		2541		6314		1560		1296		
5856		1632		7738		1147		5376		1632		3910		1620		2852		2322		3000		702		6097		1482		413		3384		3550		3692		410		2673		2774		1353		1800		5475		3080		6240		2432		6438		1743		5440		1683		2106		2925		2440		7663		5928		4080		
7221		3363		6600		1320		3995		3784		5856		1833		6148		8514		2242		144		8091		3127		2210		5890		7084		6097		1920		3740		1001		1316		4550		4640		3551		5850		3948		4437		616		7743		3304		4550		3000		7224		7315		2592		3168		
1188		1020		1715		3321		3752		2850		5346		1568		928		1200		2560		2664		1950		1989		5301		3685		1240		814		2442		2310		5475		1715		1334		6110		2349		2700		1278		520		6958		4085		1606		1530		1632		1710		1743		1540		5355		
2475		3612		2759		5310		2200		6789		4320		4275		5510		4290		4590		5355		74		3128		3403		1500		4898		4200		3036		1953		2106		5520		4761		2829		5940		1134		1750		3276		3382		8004		1435		8910		640		2914		4189		1344		5568		
1848		240		3192		1652		2750		812		2048		420		1530		2888		2160		4661		3479		2900		2655		4324		2000		495		1566		2442		5664		1190		1470		4648		1577		1890		2366		1809		3944		2064		539		2520		1856		1862		1505		1500		3550		
6880		1548		3080		1980		264		5088		7068		1722		6264		5670		1080		3400		3332		1958		4750		840		8272		5278		3136		3410		1260		1488		7626		1003		1350		1665		3599		4473		4554		4650		1900		1950		2940		3534		5680		2132		405		
3900		3182		5335		980		3900		1869		10600		1288		8526		2960		2464		1554		2240		3036		145		1500		6348		4232		1209		5400		2460		1764		3450		3538		1116		4148		3196		6120		799		4158		2788		4257		5248		2368		4514		1768		2028		
4814		3330		7189		448		2115		1360		5555		782		5904		5928		1914		594		4891		1170		451		4212		2680		1505		741		3234		1400		1152		5808		3528		700		4402		4851		5376		1491		5874		2556		3256		3828		4928		5822		4588		1394		
3078		1155		2635		608		3268		1155		7968		741		5135		7200		1088		2150		6566		2409		1207		2784		1980		1480		1475		1980		1764		550		6208		3000		837		2072		2262		4020		1800		3234		1020		1564		2444		5696		5226		1539		810		
1494		3808		7740		4278		3675		4850		3237		3080		2400		1739		6424		6992		4794		3160		4278		5529		1065		2640		3975		6716		9310		4928		1118		5406		2948		5760		2065		2064		8800		455		4453		896		1950		890		2622		1846		9603		
3430		440		1768		1976		1092		2146		5696		609		2703		2070		1120		2968		2405		630		1776		1426		5225		1352		4002		2619		3074		1020		3312		2419		868		1272		2295		2232		2850		6016		480		4816		700		3456		2790		840		1716		
448		2021		5451		3050		8277		2068		3300		1978		850		1230		5733		3432		5775		3366		2077		7553		288		1215		3256		4032		6624		5382		408		6789		3367		3339		3528		1100		2805		969		1392		2405		4030		1403		1680		2214		4176		
1296		1040		4352		513		4346		595		6308		156		5040		1764		1100		3360		3363		1170		2805		4851		4140		944		3698		2024		3600		1485		2132		2968		715		3311		925		2997		2064		2016		1215		2232		1560		3120		2992		1480		1350		
5538		3731		4508		1488		2852		1914		4092		1836		2272		6204		1443		3640		969		1870		4536		473		8148		1425		2560		896		2623		2021		7125		880		2170		630		3916		3300		5106		3854		2183		3045		1920		4655		3672		1922		2480		
5530		1539		3780		1147		3312		1080		9600		3010		7210		9504		3240		126		4300		3588		2156		4960		4488		2646		1281		5395		832		2314		5916		1711		2940		6314		2050		4284		172		2890		5022		5612		2263		2132		4277		5609		952		
4582		3080		2940		2470		864		2976		5544		2847		2340		4620		609		2550		1798		2700		1344		1581		6003		5104		2444		1830		680		702		5494		1134		2856		2184		3185		4453		2664		5580		1053		3942		3675		3738		5412		4872		90		
1590		2475		3486		1624		2160		4860		3567		3600		1320		488		3477		3293		2491		4368		2409		3432		2436		2080		6150		992		3471		4420		817		5236		1677		2840		697		100		5456		3726		1480		5152		3239		3381		248		1240		6318		
9393		6200		6083		1375		864		7644		6816		5135		4950		3572		1248		6237		3072		1014		6450		2093		3531		6864		2673		5394		4896		3550		7000		384		7098		1530		6048		2494		1820		4715		2736		4692		1617		9775		8064		1680		1536		
2322		1144		1715		2107		2597		4160		4263		1887		2880		1989		3096		3672		2185		621		6370		2688		5568		3128		5550		990		5644		3910		1225		3916		3735		225		1479		2607		1850		2380		1785		2176		525		4320		1638		315		4488		
1280		2916		5429		2054		1625		435		9312		1386		5396		3055		1632		2058		5056		4263		1368		5025		3528		1023		1872		2706		4700		990		5100		6603		1190		3835		5800		3922		2166		4410		3626		1452		2728		2016		5800		3658		3132		
2814		427		1551		2016		1326		1710		1995		1173		2596		3145		1904		5355		2090		690		4004		2340		3807		1560		2914		2139		1952		3293		3160		2058		1890		1725		1900		2430		5568		3420		279		1961		1890		2950		1404		1840		1824		
3120		3861		2479		2992		689		4675		2988		3696		2320		5550		875		4350		2262		928		2632		1056		5950		5005		6111		2162		1880		754		4914		816		1674		1610		4823		5655		5500		7544		3196		2686		891		5428		2738		2021		1482		
1825		4264		7505		1680		8930		1088		6720		3555		3640		5280		3286		3182		8455		6716		3700		3640		2139		1862		2700		3724		2788		2752		3198		5390		1216		3440		5184		1734		2760		476		2128		810		5772		611		1581		5476		5628		
576		2560		5546		4108		7380		2337		5723		1850		783		1104		2491		4050		6305		5115		2666		2272		1500		527		3430		3344		6806		3480		376		2187		2294		1938		2730		1335		3081		1876		1702		3572		1900		2976		510		1419		4697		
8811		3575		1120		5561		3100		3948		5394		6392		2736		6693		5510		8280		1014		3403		4914		2250		3255		1932		9100		2940		5589		5280		5727		3078		4680		1782		1421		4620		8930		7245		4056		2856		2233		6313		1998		2100		2040		
