105 45 1
0	75	73	29	70	42	49	78	33	82	64	67	69	50	78	35	37	61	90	86	67	81	49	35	65	48	69	64	57	44	53	54	58	61	54	46	30	53	44	76	76	64	80	79	96	60	96	49	59	64	75	55	71	99	36	75	51	66	64	88	26	45	73	66	94	45	98	43	89	77	59	87	26	37	78	78	58	69	82	100	77	46	82	38	25	62	31	37	93	84	81	58	25	69	64	30	66	54	41	54	72	75	78	65	46	
87	0	77	48	25	32	64	83	41	29	30	37	80	47	28	61	59	64	58	36	46	88	77	68	76	50	29	100	66	25	90	27	53	62	68	81	76	65	27	34	98	39	51	71	71	34	67	97	52	88	99	44	44	57	86	93	43	82	77	59	45	75	33	40	33	66	25	38	70	57	31	77	53	88	34	98	27	31	62	83	95	44	52	83	62	81	76	76	82	27	42	41	67	74	71	53	42	42	74	37	81	37	28	75	34	
97	61	0	94	26	70	79	62	29	58	64	83	29	58	99	60	50	58	81	40	38	53	96	98	44	30	34	65	37	64	32	88	53	57	49	79	68	91	82	88	78	54	96	71	52	66	59	55	43	31	57	60	47	32	41	85	65	75	90	43	79	45	54	31	59	42	85	62	25	45	75	57	39	98	35	85	96	38	71	29	51	47	63	87	88	80	50	85	73	28	28	36	83	29	64	95	41	40	31	78	78	62	44	79	53	
40	42	58	0	90	99	58	27	64	27	82	69	87	50	42	65	57	55	100	98	89	90	48	36	100	73	60	95	77	86	66	68	37	96	87	36	28	51	33	32	64	26	67	90	64	76	81	78	26	39	75	51	30	35	95	41	53	69	37	27	77	82	79	30	69	95	95	57	63	88	94	70	80	64	62	37	99	68	45	65	78	75	32	66	71	75	62	68	69	58	36	63	80	27	28	64	49	27	43	33	54	66	70	71	96	
83	63	61	74	0	55	62	61	78	65	46	71	46	78	65	96	42	56	70	84	94	76	87	65	42	35	93	44	74	25	96	45	90	46	97	63	34	56	78	58	33	83	32	58	51	47	82	50	50	29	68	61	40	33	99	90	62	52	86	37	37	29	36	60	53	92	57	56	74	48	29	86	93	94	93	83	37	68	27	86	64	90	46	91	69	54	86	64	96	56	69	81	91	50	39	81	79	91	30	78	91	52	31	37	56	
32	76	67	86	91	0	73	93	91	61	33	53	54	77	34	30	35	61	78	43	54	99	72	76	94	52	90	85	57	30	62	61	59	62	81	95	47	36	33	31	98	56	43	98	88	40	34	39	50	68	58	69	57	52	54	70	57	36	75	100	78	55	89	87	85	53	25	61	73	74	74	85	53	52	54	50	77	36	47	75	89	48	35	70	25	94	54	64	51	45	47	88	34	73	28	59	53	36	82	75	25	85	67	46	56	
49	64	79	88	42	60	0	28	30	40	68	88	57	88	47	38	52	95	69	53	60	72	96	55	28	58	70	81	90	34	32	75	88	69	75	99	26	95	39	98	64	46	79	69	88	88	75	80	73	51	65	75	49	91	58	94	46	97	33	56	88	98	50	64	65	87	95	75	43	96	70	34	43	92	39	37	88	70	72	88	76	54	91	75	33	25	76	72	59	68	27	51	89	53	75	68	29	81	46	58	38	31	93	100	70	
27	77	62	68	93	58	77	0	61	45	96	43	97	61	34	98	90	41	25	84	28	97	73	68	35	34	87	63	74	63	65	33	93	75	46	54	54	88	43	34	80	74	40	89	26	33	39	52	84	79	75	69	51	36	47	37	42	76	55	92	69	50	58	78	88	85	89	46	45	37	65	30	100	82	34	37	57	83	41	57	27	95	33	45	61	85	44	41	46	53	40	95	83	71	68	52	93	40	33	85	78	26	81	33	93	
74	51	54	41	50	26	94	84	0	80	88	91	34	51	96	52	51	31	68	84	89	62	87	73	58	51	51	46	94	72	81	36	84	44	71	89	48	71	34	53	35	44	34	40	82	30	59	98	42	40	76	31	89	36	34	86	96	28	29	88	35	85	42	55	70	74	29	99	86	56	27	33	99	90	76	88	43	79	69	41	42	25	59	56	95	26	64	53	90	85	71	50	72	74	73	44	26	100	40	73	67	53	34	59	35	
69	66	61	92	31	52	32	47	88	0	87	98	86	85	88	59	73	77	86	60	39	55	95	60	53	64	42	93	99	35	59	77	46	56	81	27	48	39	86	45	79	56	84	79	68	73	85	25	72	51	60	62	65	49	90	35	55	54	89	29	59	83	47	98	100	100	81	51	85	40	70	66	44	40	68	64	81	71	100	85	67	36	33	64	43	68	50	76	30	89	91	50	36	81	75	55	69	67	62	71	95	71	44	28	72	
51	26	38	71	57	68	80	53	52	53	0	69	56	33	49	77	67	91	65	99	29	61	33	100	66	78	34	61	29	58	94	58	90	100	66	34	89	39	75	74	98	59	37	35	46	98	70	89	29	95	97	60	46	59	57	90	40	54	82	86	76	79	76	48	37	77	94	37	25	38	38	40	75	76	64	49	60	49	32	91	58	36	74	96	92	75	40	37	26	37	33	52	67	98	43	26	27	92	92	94	66	38	62	86	96	
69	66	60	82	50	38	63	53	87	98	25	0	59	92	89	44	80	88	57	78	55	64	64	31	55	84	45	48	39	82	72	74	49	36	39	59	65	37	95	56	27	37	67	99	35	50	48	51	37	49	53	73	70	27	50	30	66	62	46	44	58	75	49	25	98	32	49	97	51	37	99	33	28	98	84	41	32	44	58	43	46	66	92	89	75	67	82	93	89	82	42	100	44	53	47	81	100	83	57	73	60	32	38	90	63	
95	93	47	72	99	66	88	29	39	99	83	91	0	64	53	98	39	42	70	93	66	31	84	83	78	28	92	30	100	45	62	77	81	96	77	94	38	86	46	61	94	78	55	37	93	40	66	53	44	86	42	75	50	64	59	71	75	26	87	53	66	98	81	85	82	59	55	43	78	41	75	55	46	51	47	77	97	84	93	26	99	29	56	37	85	25	70	95	33	66	30	67	54	61	54	56	67	96	78	69	25	46	54	81	67	
67	45	33	37	51	86	45	39	56	74	65	30	60	0	32	62	35	41	58	51	100	92	51	58	85	99	47	68	66	35	63	62	80	31	41	38	54	53	45	37	90	43	92	85	98	44	46	66	79	64	61	51	90	56	26	94	97	68	100	55	69	86	56	28	66	34	68	98	76	40	67	88	47	48	99	99	69	50	64	31	86	76	70	40	40	37	46	40	85	91	84	31	37	43	82	64	54	90	50	70	84	99	97	87	84	
77	88	72	83	55	69	56	85	61	77	86	66	47	69	0	93	57	44	60	25	75	31	67	76	75	81	74	99	46	84	25	31	29	95	41	84	44	46	81	47	60	94	95	92	44	82	76	60	61	40	63	93	88	97	98	94	36	44	55	83	83	83	59	56	73	74	81	88	45	84	38	34	84	100	30	57	88	73	96	57	96	85	53	43	87	28	42	32	90	28	97	87	91	63	82	100	56	41	55	33	52	32	40	54	87	
93	98	87	56	87	80	59	56	70	70	75	100	81	25	72	0	93	76	49	42	59	76	44	36	78	70	77	30	91	40	41	80	84	97	79	81	39	41	26	88	82	41	56	45	76	88	28	72	73	59	33	80	26	56	65	32	73	58	27	43	50	73	53	66	83	30	82	28	39	60	88	50	52	89	84	46	86	78	93	91	56	38	67	65	51	80	98	42	35	43	85	87	55	90	70	27	82	62	99	51	80	37	91	48	76	
36	46	93	26	69	96	88	68	41	27	69	73	36	30	48	68	0	40	27	82	29	45	83	53	48	51	98	72	78	51	36	64	67	77	77	86	59	80	37	49	25	58	86	95	67	68	68	100	80	33	63	58	61	66	69	36	80	64	51	69	27	94	82	63	56	60	37	77	27	77	38	44	96	81	87	46	50	74	88	57	58	57	29	54	73	64	40	81	77	64	52	63	34	56	86	27	66	33	80	73	66	63	78	63	79	
99	78	96	54	72	39	62	48	77	78	89	62	85	38	59	42	26	0	91	50	59	76	39	70	52	87	57	28	89	35	95	90	87	26	99	45	80	32	88	84	25	85	71	26	66	72	27	48	68	49	74	86	80	81	77	34	82	49	25	32	68	92	41	71	43	91	31	53	70	86	54	74	85	29	99	69	98	50	90	44	60	37	91	79	28	30	85	39	28	43	76	39	74	51	45	49	26	99	42	75	41	95	29	84	46	
74	54	38	81	44	65	26	46	61	96	98	69	92	51	91	25	39	48	0	63	87	41	66	39	38	73	92	62	46	35	51	38	77	31	28	52	43	47	68	54	51	90	46	94	49	81	75	85	95	64	85	86	48	68	49	32	29	77	39	57	64	49	66	99	71	25	99	65	73	72	39	46	38	58	95	35	55	91	39	82	85	91	87	49	68	70	31	86	33	56	81	49	75	63	63	93	38	59	45	56	59	97	97	61	38	
77	64	93	70	55	81	99	51	53	98	88	32	35	32	84	85	84	53	51	0	43	32	26	34	78	79	31	69	95	69	69	100	68	29	45	53	44	43	86	99	45	35	28	73	68	74	65	51	94	91	30	38	89	61	97	32	70	34	57	34	55	35	75	57	76	44	60	68	84	39	42	36	73	70	61	32	27	51	84	94	56	95	45	43	55	85	35	69	70	86	76	64	87	75	66	54	82	39	34	67	68	78	71	45	83	
33	54	28	34	28	37	85	51	46	88	41	34	63	44	47	46	33	63	36	99	0	93	77	48	42	75	37	40	78	33	31	27	34	39	42	89	90	47	53	61	40	75	77	28	83	42	25	92	42	79	39	29	91	73	29	68	96	95	92	52	49	66	38	98	37	79	99	37	73	75	96	30	84	39	58	62	34	62	50	54	52	72	80	96	83	25	90	63	56	54	74	65	72	53	60	96	83	83	45	84	31	75	68	94	48	
29	35	60	79	25	82	72	29	71	77	62	100	83	69	83	26	48	60	98	56	36	0	52	88	70	39	69	87	29	60	83	54	57	49	47	94	47	63	71	36	44	96	99	63	93	62	25	45	100	93	26	28	29	93	36	65	96	48	47	52	31	97	58	75	58	69	97	64	63	53	77	65	56	28	86	32	97	69	77	73	33	87	29	73	64	37	53	81	74	75	33	81	70	95	41	29	69	52	98	38	86	45	93	67	28	
61	100	78	33	86	62	25	40	30	56	25	33	98	57	70	94	48	27	86	71	42	55	0	60	40	53	74	99	69	43	57	77	41	45	97	26	51	61	35	77	41	46	35	68	76	79	79	84	44	55	100	36	39	33	36	88	29	46	72	69	51	97	52	62	36	45	64	68	90	48	97	25	90	42	93	44	97	43	93	33	52	64	26	56	49	46	69	87	95	96	91	33	94	64	89	35	35	73	35	78	72	91	90	44	71	
26	65	97	52	95	66	98	47	80	68	59	39	38	83	67	66	50	26	61	83	98	61	88	0	35	27	52	90	52	80	74	50	51	43	35	86	51	32	94	39	64	42	64	40	38	30	63	99	63	65	51	52	49	46	71	59	100	62	91	95	87	58	27	45	78	36	97	90	71	96	87	94	97	27	54	38	45	46	46	66	42	25	35	27	33	71	39	36	37	71	66	54	70	59	77	80	48	35	93	33	72	98	70	35	72	
34	95	92	27	71	77	27	70	42	86	37	47	30	37	61	86	76	62	35	65	93	58	42	60	0	86	41	47	74	40	42	49	31	52	25	91	90	40	77	62	44	64	96	33	46	68	40	33	93	89	71	25	87	42	26	89	92	73	73	25	90	42	32	43	90	59	64	70	61	82	25	44	37	91	67	87	99	63	77	72	77	26	45	38	56	100	42	35	57	39	32	50	57	76	60	48	73	54	82	61	57	73	68	30	57	
60	70	71	61	98	42	36	64	57	99	100	57	87	75	65	39	48	84	96	39	27	36	47	80	50	0	100	83	58	27	75	74	37	33	43	84	65	58	65	36	74	70	35	88	94	70	78	40	29	62	53	78	89	56	44	93	42	38	83	95	86	67	66	61	28	65	84	70	94	37	27	79	63	55	29	25	30	29	33	99	54	43	26	52	56	87	96	48	66	50	93	74	65	53	42	36	94	28	41	71	42	68	38	56	38	
73	84	77	27	43	65	88	60	74	98	80	94	50	68	98	98	69	73	27	62	67	81	47	54	62	58	0	95	25	49	82	99	57	32	25	90	59	60	58	51	76	26	66	48	55	84	62	65	47	67	90	53	50	36	90	100	33	45	26	69	91	72	32	86	94	99	82	40	89	38	100	75	51	83	42	67	66	48	31	67	40	55	95	35	62	32	52	68	82	53	76	33	58	95	67	95	79	75	78	26	84	44	90	35	85	
34	60	82	63	25	63	71	26	46	57	39	96	95	84	57	62	30	31	72	96	27	78	57	63	55	31	45	0	43	53	91	38	61	32	30	97	44	54	39	71	100	39	68	59	37	52	25	82	51	32	60	77	98	41	74	38	93	86	89	43	25	68	59	45	63	58	93	29	53	94	65	72	27	99	29	51	66	89	59	98	59	90	26	90	89	25	32	51	25	72	74	81	73	44	70	61	28	35	82	62	93	47	91	98	33	
68	35	79	59	83	91	80	78	56	87	86	89	64	55	69	58	80	81	45	97	81	77	57	56	89	27	33	92	0	56	46	90	43	78	75	57	26	71	61	49	34	64	55	57	61	85	50	89	28	25	55	67	71	87	57	52	57	85	32	61	61	61	68	26	31	49	53	43	73	96	39	57	29	71	69	90	92	85	86	28	85	31	35	55	41	30	48	83	71	42	98	67	92	67	82	73	41	42	56	62	32	81	58	95	84	
34	83	87	28	97	87	38	67	34	30	65	45	36	69	99	73	31	94	35	82	91	63	56	97	35	84	85	97	36	0	44	94	83	56	32	59	57	80	74	85	75	72	47	66	99	77	43	81	25	70	53	87	39	40	75	93	71	48	79	49	83	60	34	35	40	87	89	46	84	91	76	84	81	42	84	68	83	94	99	99	94	86	77	90	56	94	27	72	62	88	45	68	63	84	25	64	46	72	86	29	86	56	66	75	63	
52	97	63	49	72	95	97	61	57	65	28	34	79	45	35	82	84	89	59	76	41	50	59	68	86	94	37	68	100	31	0	74	50	58	40	56	86	73	58	28	46	42	52	48	63	39	50	43	88	85	65	59	54	99	31	37	33	38	45	92	67	82	93	46	93	37	43	81	86	86	88	33	57	95	81	83	41	50	69	69	90	39	76	69	59	100	38	77	68	85	58	45	60	58	57	85	50	36	94	75	35	84	36	49	97	
66	54	35	95	53	80	37	67	99	90	98	39	37	90	54	42	86	94	31	66	44	46	93	85	45	47	28	41	54	95	83	0	42	65	50	70	76	60	61	67	40	83	71	58	94	68	44	47	83	29	85	65	37	88	85	66	85	45	91	92	47	87	59	70	92	92	90	63	94	46	84	83	83	38	98	51	44	78	83	100	88	70	66	35	63	54	55	41	50	100	99	35	58	87	68	90	96	94	45	49	100	25	32	38	95	
27	90	75	80	78	27	100	58	48	32	90	31	31	92	60	47	99	32	62	50	76	80	55	38	96	72	30	98	36	65	84	39	0	96	43	87	30	32	63	68	28	64	59	58	38	31	71	70	64	53	75	53	65	29	78	64	92	93	93	63	51	33	94	29	66	46	100	40	82	100	47	70	89	43	41	83	96	31	97	94	36	59	74	43	59	89	80	63	45	43	60	76	88	100	97	56	69	61	69	75	33	72	77	48	81	
78	90	49	81	46	45	74	51	73	26	34	62	74	49	47	53	36	68	84	86	73	56	81	44	60	75	63	30	90	61	48	89	66	0	42	56	100	70	72	91	33	29	78	35	55	85	85	38	50	71	92	32	68	29	64	92	81	78	64	31	88	82	59	97	63	53	34	56	93	57	97	28	45	59	34	33	62	83	38	84	86	64	43	73	40	68	51	25	81	71	64	94	79	90	72	61	34	80	26	26	38	32	65	42	50	
31	96	28	62	39	61	52	69	50	62	37	47	99	27	60	90	42	65	49	89	82	51	83	77	66	67	54	49	100	57	43	64	68	79	0	46	73	39	61	96	38	93	87	93	78	71	69	47	35	67	55	42	97	90	47	74	51	83	100	86	70	100	84	39	76	89	82	61	43	84	97	70	35	29	64	65	97	31	71	95	28	41	86	41	79	55	61	99	53	63	45	55	90	34	38	88	80	63	100	93	78	50	100	39	45	
92	44	93	93	38	32	38	52	55	88	25	80	68	98	92	79	54	71	42	96	82	45	83	32	54	68	52	47	29	34	25	56	53	36	33	0	86	46	77	37	91	64	39	32	48	39	39	28	61	78	34	38	83	83	56	81	40	53	74	52	25	32	47	33	65	53	53	41	100	47	57	43	81	63	25	30	71	66	59	96	47	93	58	90	39	47	86	87	40	71	56	53	30	41	49	81	50	88	39	79	87	25	78	31	94	
93	70	70	58	26	84	60	47	62	73	96	68	85	63	30	52	47	58	92	96	76	26	51	25	66	95	37	83	83	49	51	76	37	61	72	36	0	75	100	60	98	49	64	62	86	66	89	75	51	77	29	36	59	59	65	70	69	62	48	100	55	70	48	30	56	83	78	81	89	70	72	81	68	44	55	35	97	68	56	44	85	87	40	55	45	31	62	27	100	87	66	33	81	34	63	53	43	93	86	54	54	38	40	98	95	
79	99	79	61	64	66	67	74	30	36	31	91	88	100	74	64	52	84	78	32	84	40	89	43	96	37	25	97	66	96	38	78	87	27	33	80	35	0	27	31	61	97	72	85	31	99	99	53	49	94	85	100	28	67	92	41	36	56	46	100	59	29	73	42	47	91	36	85	44	36	56	61	34	96	41	55	55	53	46	54	81	62	85	70	45	38	80	86	62	83	34	54	32	52	36	35	35	96	89	72	56	95	84	31	66	
83	65	72	79	34	87	67	37	50	69	41	41	42	36	85	73	75	74	82	85	40	79	29	39	43	74	62	30	84	29	57	85	93	63	93	46	100	32	0	34	85	42	27	70	47	62	81	35	81	75	78	66	62	42	63	62	58	67	48	31	31	53	71	36	87	28	40	49	76	92	52	82	33	50	31	47	78	96	52	36	31	71	95	46	31	51	47	61	30	29	99	95	77	98	77	81	42	63	57	84	68	88	71	44	51	
63	54	41	40	49	79	27	32	37	80	61	59	31	91	61	26	65	94	86	54	39	66	45	68	73	65	96	79	36	67	71	59	95	45	53	79	29	43	70	0	91	86	53	77	89	32	99	99	55	74	51	29	60	97	59	35	73	58	27	60	75	50	49	53	73	89	75	68	76	54	53	66	92	29	96	53	88	91	55	49	88	28	86	29	90	54	41	84	90	58	34	55	33	48	49	46	57	89	68	27	77	31	80	47	57	
100	61	33	93	69	58	86	35	90	47	66	40	75	90	94	25	87	88	31	86	61	100	38	74	91	63	31	58	89	50	81	42	90	25	29	46	80	77	86	39	0	78	35	57	69	97	43	79	82	79	34	76	99	71	82	31	84	35	30	51	76	75	42	37	59	93	82	69	41	64	78	25	51	73	27	27	84	88	80	69	40	72	64	32	67	44	33	85	91	29	48	62	40	28	74	29	46	49	87	39	83	68	54	49	74	
48	33	62	61	61	87	84	98	100	60	67	29	90	25	41	68	64	78	31	33	50	57	44	52	57	96	80	26	56	88	100	25	98	37	54	36	56	76	42	79	82	0	52	99	74	29	98	75	25	68	50	40	34	98	66	90	50	60	90	92	40	57	97	28	88	64	81	84	83	43	69	37	91	99	31	42	68	50	50	64	78	64	51	82	42	38	42	72	95	87	38	91	96	79	39	80	71	64	30	98	78	30	48	62	81	
91	63	78	64	63	32	52	27	96	75	87	90	89	90	69	96	77	63	68	87	77	98	61	43	26	62	38	62	37	81	56	52	44	95	62	74	96	52	68	63	87	100	0	97	33	74	44	42	29	73	86	58	97	93	62	49	81	87	67	93	70	56	40	42	55	56	91	68	83	66	73	61	64	29	80	84	54	28	66	87	90	91	69	52	37	87	72	74	80	59	40	32	79	87	83	63	45	73	48	91	71	95	31	51	76	
48	78	37	91	95	99	47	95	71	31	62	28	41	58	87	97	67	46	95	40	35	41	72	92	83	71	49	55	90	30	31	81	35	68	96	28	30	51	28	66	71	95	32	0	86	95	55	79	29	29	60	27	62	52	96	99	49	72	85	73	64	99	74	42	70	39	91	41	63	35	67	83	56	42	72	43	32	72	62	42	91	56	96	64	30	75	65	85	47	90	43	69	46	54	34	48	41	62	92	37	36	97	96	62	78	
34	97	79	91	47	64	30	93	66	45	94	70	46	41	73	82	74	71	57	66	41	31	92	100	83	67	54	34	41	58	77	35	79	90	80	41	73	83	72	99	50	35	58	74	0	45	55	51	90	74	100	72	91	48	27	25	83	27	49	86	95	25	59	38	97	90	50	66	48	45	88	95	58	55	55	62	60	58	62	37	91	76	42	96	53	56	39	47	42	92	77	88	85	25	64	53	46	94	99	50	37	63	80	72	72	
34	87	66	80	26	39	35	42	82	62	68	66	74	97	87	63	44	30	38	40	54	92	27	89	87	82	26	31	62	30	79	48	93	36	94	41	35	87	60	25	90	49	99	89	83	0	69	83	67	88	32	72	46	47	56	32	100	84	52	70	53	60	61	84	39	72	41	71	53	28	66	70	60	83	43	44	60	33	94	47	81	28	63	56	54	62	71	89	92	70	80	45	84	41	53	98	52	28	50	86	77	70	80	89	63	
62	78	95	80	52	33	69	50	98	28	30	29	48	67	41	50	42	69	94	76	37	34	54	76	81	95	45	65	74	68	57	56	33	66	25	94	37	67	99	42	82	98	32	58	30	49	0	47	96	49	78	27	33	25	56	64	92	64	96	52	56	48	27	46	38	66	56	99	96	85	32	73	56	43	38	43	82	69	96	35	41	38	74	31	29	65	90	69	83	68	75	91	78	79	97	40	76	76	30	59	78	77	100	45	37	
30	89	61	53	64	90	96	31	30	74	78	35	99	32	53	74	97	77	71	81	43	56	30	93	34	93	89	71	82	58	37	95	78	60	32	35	95	94	69	30	28	76	43	94	37	87	81	0	98	35	67	77	64	29	38	93	98	87	55	80	88	65	41	31	47	56	65	65	71	34	29	28	42	91	26	30	62	88	52	48	51	88	39	34	35	41	72	82	76	51	59	70	32	34	50	75	58	57	66	57	55	83	91	29	45	
67	51	31	74	60	59	98	32	31	40	90	88	53	62	74	55	49	32	63	61	75	89	55	62	86	67	94	100	50	69	70	44	49	61	39	70	43	87	72	49	45	37	31	70	71	89	98	37	0	26	68	65	32	96	29	85	82	64	45	41	84	61	65	45	62	94	70	26	79	47	30	79	40	90	100	42	43	86	65	46	26	42	97	53	93	96	100	72	74	97	29	67	42	32	40	57	26	95	51	36	61	28	91	97	78	
70	90	82	61	27	60	34	84	83	43	74	47	85	93	27	92	87	84	63	99	92	42	55	94	65	36	97	25	38	43	58	54	54	49	26	39	52	32	52	35	66	99	74	98	93	75	80	36	80	0	97	31	54	38	100	61	95	70	34	68	61	49	92	75	99	29	28	90	43	57	77	87	83	81	56	91	54	39	31	67	26	68	64	96	37	81	76	80	62	42	89	28	50	77	29	90	30	63	96	81	76	30	64	83	69	
79	47	80	54	47	60	98	89	91	88	100	65	47	99	61	79	59	72	82	34	30	59	29	62	78	43	56	54	98	72	66	40	79	73	73	56	34	59	77	52	26	68	72	79	49	59	68	63	67	93	0	50	51	39	88	63	90	64	74	47	62	59	37	71	32	43	76	67	76	27	46	87	37	67	62	49	30	69	34	46	77	86	77	88	48	79	54	43	96	86	72	45	64	96	29	100	48	40	74	58	76	56	86	30	91	
70	39	61	56	80	77	87	48	94	50	48	25	32	91	92	76	71	97	41	95	87	49	58	46	74	80	48	72	37	80	84	97	54	46	76	89	65	86	89	69	69	60	50	69	74	33	90	76	97	100	91	0	52	37	75	26	49	97	34	86	77	89	69	74	89	98	100	92	69	72	72	43	56	52	81	38	96	54	32	68	53	42	95	42	100	97	42	67	32	36	44	62	39	88	47	77	92	83	84	27	56	63	72	55	25	
74	77	86	66	55	60	29	31	61	91	43	92	70	72	50	45	44	98	63	77	56	28	58	46	87	91	83	100	55	92	59	50	96	72	55	33	66	73	63	96	59	90	26	42	86	60	69	39	98	54	25	45	0	74	64	56	37	37	76	38	52	92	82	39	28	39	64	54	69	95	40	36	33	33	38	28	82	42	96	77	93	56	97	68	76	54	28	73	44	29	51	56	91	66	92	42	27	42	68	44	52	71	44	86	58	
63	52	90	38	76	34	39	65	39	38	89	29	69	59	33	54	83	59	61	67	38	25	45	77	71	59	64	92	71	82	27	56	85	92	82	61	46	63	31	97	25	89	77	66	95	34	81	40	46	100	92	81	47	0	53	72	71	50	84	49	85	63	48	51	87	53	98	37	97	78	87	43	80	89	67	34	69	66	86	56	85	78	74	89	50	49	38	50	91	75	29	56	69	61	75	95	61	30	62	79	59	26	44	64	89	
44	41	72	62	50	49	72	72	32	84	86	46	95	82	43	79	87	59	42	91	29	27	51	30	43	71	83	44	92	65	97	80	30	41	96	98	98	86	62	33	78	70	93	29	25	68	63	94	95	93	33	27	90	88	0	66	26	25	96	29	57	57	71	33	63	32	40	81	85	50	90	82	50	82	97	40	33	96	72	65	49	46	47	58	81	72	89	58	62	29	94	43	93	32	70	75	78	50	64	53	81	63	61	61	97	
29	44	53	90	94	33	51	70	47	27	35	70	95	76	98	59	76	91	32	55	69	32	46	97	51	100	72	98	73	63	80	92	32	37	86	83	81	80	28	87	98	61	56	49	28	96	63	34	74	100	64	40	72	62	33	0	61	70	80	84	30	32	77	46	56	47	32	35	38	57	90	63	65	36	84	69	50	99	98	67	43	59	61	42	45	67	31	38	25	85	97	29	79	56	82	89	71	41	25	99	98	66	66	47	50	
63	95	94	77	36	36	53	100	81	75	94	85	39	81	71	79	62	35	73	42	93	91	91	29	70	82	33	44	96	70	42	55	99	60	100	85	68	71	95	77	53	65	94	98	60	71	28	76	47	41	36	61	84	46	77	26	0	100	53	38	52	97	91	27	85	60	64	79	57	61	40	48	61	90	61	55	87	66	32	50	39	96	50	34	34	63	31	67	56	90	68	99	48	36	90	32	99	83	35	65	98	87	61	48	66	
92	46	76	45	61	72	92	73	71	39	71	62	62	74	82	73	37	54	63	94	85	49	82	81	40	41	32	89	91	48	49	95	43	52	52	90	69	61	36	56	36	49	82	28	86	81	45	74	63	43	87	36	63	48	91	87	51	0	91	98	72	94	55	93	37	92	93	85	97	59	29	87	66	58	91	40	28	98	99	98	82	67	81	96	47	53	91	90	61	59	37	86	57	61	41	74	44	87	33	52	82	51	99	70	46	
93	83	39	64	66	70	35	77	84	55	27	53	51	56	40	40	99	33	74	35	27	96	75	96	56	34	40	32	44	47	48	63	28	25	47	39	83	54	41	74	41	29	66	91	64	63	86	90	30	38	85	96	74	31	100	41	36	59	0	33	45	99	73	89	75	65	41	37	78	51	85	56	66	69	97	73	25	26	71	74	42	68	89	84	73	62	39	62	87	80	74	66	43	49	54	39	77	98	60	44	90	100	28	70	65	
72	33	49	54	53	51	78	70	72	87	33	83	63	98	56	41	91	85	44	63	84	61	82	49	48	43	29	25	29	76	43	90	39	65	53	95	66	65	93	45	99	87	37	61	43	65	38	50	84	41	54	89	56	43	96	86	49	31	41	0	35	93	68	69	56	100	90	73	95	79	29	54	76	49	100	62	34	58	64	87	44	66	79	88	61	29	92	79	78	56	30	59	26	25	31	71	33	43	57	45	84	65	91	59	42	
89	83	72	70	96	26	49	64	60	83	34	59	93	91	93	67	83	48	90	60	54	77	44	41	66	78	95	73	38	68	31	47	82	84	96	30	28	33	87	50	62	56	53	83	91	36	26	48	56	54	38	59	95	73	40	44	80	46	47	50	0	54	60	91	39	38	97	28	77	91	66	68	41	98	90	64	67	45	37	42	59	37	37	74	95	72	89	91	80	49	67	84	74	82	54	77	78	80	73	53	72	38	88	29	73	
54	42	81	57	26	62	86	69	69	57	32	71	42	100	48	43	93	58	80	70	43	90	39	50	43	63	31	85	71	44	89	61	27	42	58	92	86	28	70	98	27	64	72	86	36	71	90	35	77	27	94	91	44	87	86	26	84	54	74	41	49	0	34	37	70	75	54	90	100	53	25	43	75	84	51	36	78	78	91	29	70	40	74	78	79	37	65	63	97	45	35	87	59	29	60	35	61	48	27	90	29	60	93	83	93	
73	45	84	32	44	91	89	44	26	49	88	72	67	70	93	69	28	35	89	25	48	79	61	72	62	58	33	70	37	36	57	61	45	71	97	25	31	62	87	95	40	32	85	91	71	75	30	58	39	48	31	66	72	68	92	49	95	39	90	26	54	73	0	42	35	67	30	89	82	58	41	36	77	63	50	78	31	44	49	26	42	52	28	25	67	82	34	67	52	78	50	58	69	26	91	36	72	100	75	53	96	33	53	87	56	
67	37	45	55	55	66	33	45	93	99	89	42	70	75	97	79	69	36	52	35	40	40	25	55	35	68	48	96	40	57	54	29	95	29	29	82	65	62	40	43	86	28	92	92	60	31	25	82	29	77	88	64	50	99	73	49	32	41	71	77	73	72	32	0	36	49	67	40	84	41	52	44	99	91	95	94	41	82	96	47	98	39	57	77	74	70	42	94	59	67	57	70	44	39	99	28	25	61	34	99	68	55	25	91	92	
43	47	95	28	100	63	27	39	98	87	43	51	62	56	84	92	42	45	57	77	59	89	34	40	43	40	92	94	78	30	61	42	90	53	76	88	79	51	48	72	42	47	99	96	83	95	74	61	36	75	33	25	53	40	51	62	34	83	51	75	91	54	71	63	0	98	33	97	98	49	64	79	94	52	28	46	39	30	39	34	58	95	30	91	31	53	36	86	74	75	77	85	33	90	26	82	60	100	44	83	74	91	30	31	42	
43	48	62	49	29	69	89	26	63	45	62	62	32	89	25	97	85	86	50	39	55	29	84	42	90	46	47	90	63	79	91	41	81	70	100	53	39	97	91	34	91	43	81	67	77	88	78	27	43	88	50	63	47	46	91	87	94	39	43	66	81	39	34	55	94	0	79	68	80	36	63	68	69	86	79	80	94	40	53	62	74	57	66	56	97	65	94	70	64	38	84	90	75	97	25	91	84	29	86	67	73	68	74	65	74	
68	26	53	78	59	96	93	27	62	57	99	29	96	41	95	80	89	26	94	54	44	26	78	39	34	42	33	51	32	54	53	49	73	94	61	96	95	48	51	63	77	76	74	53	97	46	27	44	42	76	77	48	87	33	38	89	38	34	69	46	35	80	81	36	100	36	0	73	97	26	32	91	69	82	82	92	38	32	73	32	63	91	85	78	38	44	29	32	94	47	84	84	44	85	80	99	82	98	75	57	34	77	96	38	100	
31	71	37	99	72	78	26	90	92	37	76	43	93	25	52	97	53	83	92	66	95	67	80	31	91	59	63	98	66	100	47	29	32	49	60	86	97	62	67	25	84	57	43	43	26	48	63	72	84	27	94	67	46	50	45	82	70	38	25	63	58	74	88	94	83	78	86	0	98	94	45	46	44	58	92	37	62	32	95	50	66	99	41	68	38	48	58	52	38	62	51	76	90	44	35	34	51	74	89	48	95	31	68	42	59	
60	83	26	42	85	89	76	50	89	75	61	36	85	73	77	86	76	89	99	36	91	63	31	35	48	75	44	96	69	98	35	74	32	75	87	32	50	78	39	38	74	31	51	52	77	46	40	94	100	53	68	78	100	57	94	35	27	86	44	41	88	51	62	32	90	66	48	55	0	49	48	66	86	54	50	96	96	99	95	39	45	27	99	100	50	66	53	56	67	30	37	98	73	73	57	56	98	53	34	50	59	88	60	81	64	
80	36	80	80	41	73	91	100	64	95	68	70	59	88	75	31	47	84	89	58	61	30	44	92	78	98	39	46	53	79	65	66	81	61	58	35	73	86	44	83	89	28	48	94	45	64	49	57	25	83	92	31	31	88	54	86	85	71	31	95	87	100	91	31	34	45	91	57	70	0	43	96	36	71	85	79	54	30	85	39	80	89	75	84	70	62	55	76	68	88	76	82	50	72	46	63	97	46	26	91	87	44	93	85	78	
89	36	74	53	36	62	25	67	34	77	100	42	32	61	82	70	83	82	41	32	36	70	47	59	92	68	64	95	53	44	49	35	37	63	96	47	68	28	82	59	99	39	98	27	86	75	78	35	91	35	51	69	71	55	55	39	64	41	74	83	30	91	46	85	64	82	29	95	58	92	0	70	38	67	63	39	27	71	28	70	54	77	67	27	93	83	97	29	75	64	99	32	64	66	50	39	26	30	54	47	75	41	46	27	38	
63	27	56	94	40	97	53	67	71	40	88	82	90	60	82	72	27	52	25	71	31	46	78	78	63	26	80	67	25	72	76	38	63	100	42	42	74	71	63	25	46	67	52	56	58	25	99	99	89	25	90	97	98	42	100	64	45	99	61	95	72	48	86	35	68	38	85	55	99	91	25	0	76	68	26	59	99	84	100	54	98	42	83	41	97	62	96	36	59	88	99	27	33	56	78	66	30	92	80	97	99	72	63	72	78	
83	92	68	73	65	46	52	38	52	89	66	45	62	58	60	69	85	77	32	41	79	26	39	50	26	44	61	92	76	80	91	92	69	66	25	86	43	58	69	43	72	85	63	50	55	56	93	50	85	91	81	95	40	65	46	40	86	84	38	51	75	29	38	62	83	30	96	46	70	89	34	62	0	74	68	28	74	36	54	90	40	70	25	99	58	45	35	95	29	32	69	60	26	91	59	85	32	72	81	67	55	26	82	75	58	
91	99	90	99	26	87	84	46	66	90	78	95	45	69	87	61	78	41	83	79	38	33	63	76	29	66	72	75	50	80	53	25	76	38	58	98	83	49	33	70	80	84	69	85	32	95	90	95	59	96	74	73	80	34	58	51	94	91	85	49	50	49	49	69	27	74	38	93	37	75	70	30	42	0	87	37	49	97	33	69	97	31	95	70	52	35	34	77	25	65	66	25	74	37	99	38	50	53	65	59	94	58	92	66	40	
75	50	98	80	79	66	25	27	30	28	100	78	67	74	52	42	89	31	84	82	62	60	70	92	81	38	32	29	46	79	36	33	41	55	46	74	59	28	63	53	95	65	43	79	70	84	34	99	87	54	55	95	96	68	76	84	55	100	70	98	96	100	25	69	100	75	53	26	64	54	50	60	55	27	0	100	32	33	38	56	84	51	40	58	74	47	25	71	37	90	87	62	26	66	29	70	76	28	39	29	72	75	64	90	46	
46	91	87	39	93	25	29	98	94	56	55	57	100	38	83	66	38	90	35	29	74	84	49	61	38	81	67	84	79	97	54	84	39	44	30	92	66	55	29	64	33	97	82	87	52	33	69	56	73	74	47	59	37	66	29	56	31	45	90	25	59	31	64	76	40	79	71	67	28	40	71	88	43	69	52	0	36	92	54	72	78	98	73	27	90	71	36	79	58	70	40	58	51	79	46	49	94	56	99	46	89	51	38	64	90	
79	51	87	36	70	55	53	99	36	62	81	51	64	94	51	29	63	58	37	41	47	86	28	81	70	51	44	78	42	47	50	93	100	49	67	93	86	56	77	66	71	25	74	97	58	81	43	33	62	33	58	62	26	38	82	48	26	89	43	56	41	35	92	99	30	26	52	88	63	43	69	86	82	30	31	87	0	80	46	71	40	72	48	70	52	95	51	78	72	40	30	99	51	74	25	49	92	89	27	82	52	25	52	69	88	
65	96	91	34	81	66	90	46	97	34	33	63	99	30	28	71	59	52	70	52	86	84	74	98	86	72	89	42	43	46	98	45	54	53	69	76	83	90	53	68	53	95	30	59	95	53	91	79	78	56	71	32	63	76	25	80	64	46	28	92	46	28	43	38	33	73	89	86	64	42	31	31	28	77	67	80	30	0	46	82	92	70	59	84	99	43	91	54	25	39	73	27	27	52	72	66	93	85	37	33	39	81	80	27	61	
51	79	63	75	31	45	62	71	31	72	67	73	61	39	67	28	95	88	51	66	46	59	76	75	92	95	90	44	99	56	28	79	37	64	85	43	92	99	98	41	61	70	90	60	70	78	44	30	84	76	60	100	51	46	60	91	59	36	80	75	77	71	72	99	44	34	28	72	68	87	92	93	79	60	46	81	80	47	0	31	64	86	73	54	70	88	97	37	88	43	63	61	32	26	37	77	99	98	28	61	31	41	73	37	80	
83	38	92	51	38	61	100	85	49	100	92	45	90	78	89	64	46	99	76	60	35	71	83	30	88	89	76	66	93	79	84	71	47	46	57	45	97	58	31	92	89	90	81	72	99	52	40	65	74	41	60	53	93	98	74	59	70	56	32	75	67	54	50	82	66	38	84	80	62	79	77	64	99	74	45	100	60	100	100	0	53	30	80	41	50	33	38	78	39	89	97	35	94	70	92	76	63	90	41	56	92	40	45	98	70	
91	87	30	29	63	64	64	36	27	57	100	72	27	56	50	40	74	96	100	68	73	59	28	87	97	55	26	89	38	98	41	41	72	97	89	82	97	74	68	42	57	100	88	87	91	69	50	50	85	42	74	40	100	47	42	53	27	87	85	26	49	77	33	49	71	68	99	48	95	61	35	96	79	91	69	36	90	35	59	51	0	26	34	42	79	81	40	53	27	43	47	79	52	55	63	32	83	29	32	38	38	65	98	87	93	
77	42	57	67	37	72	89	78	89	36	56	69	78	45	79	91	79	60	75	82	30	70	39	38	29	64	88	44	85	33	78	54	91	44	29	27	29	53	57	57	60	69	40	43	94	92	41	86	70	95	52	26	91	62	58	45	55	35	98	49	40	44	31	63	100	56	84	68	96	88	48	77	37	80	96	31	74	39	87	59	69	0	70	46	85	36	86	95	70	64	27	89	52	55	62	28	38	76	67	75	92	83	44	78	48	
49	59	45	92	64	34	30	37	48	72	94	38	98	83	84	37	25	100	33	64	93	67	38	51	100	31	79	83	63	41	62	32	61	87	32	82	29	46	77	98	82	83	80	45	50	47	99	48	72	29	29	79	38	84	78	78	54	100	59	88	38	26	27	58	44	74	51	93	38	84	44	86	27	46	75	64	92	47	26	42	91	64	0	95	47	93	74	47	37	92	67	98	40	51	86	61	70	78	74	93	100	89	68	83	88	
84	55	96	83	73	32	57	99	70	27	78	89	64	87	89	50	74	82	38	92	44	99	86	69	92	98	67	59	76	74	58	56	100	31	57	48	93	76	56	100	65	83	35	48	54	72	45	60	91	61	30	88	97	65	50	76	69	35	83	97	69	51	97	100	63	67	44	69	70	25	55	53	78	65	32	65	40	78	73	25	86	74	89	0	37	37	94	100	30	94	73	58	46	55	38	47	68	82	51	81	77	68	97	87	25	
35	38	25	35	65	86	28	43	86	58	65	82	97	82	35	26	79	99	68	100	29	60	82	58	28	87	46	69	80	53	29	43	88	29	27	51	83	60	28	65	82	68	31	45	66	96	82	97	98	80	62	42	71	26	71	92	99	40	52	73	73	28	53	49	35	56	65	36	79	96	54	35	32	76	83	34	54	98	73	80	71	69	60	43	0	76	99	51	65	41	35	26	30	48	41	59	52	78	57	27	60	65	93	81	37	
79	98	89	66	50	26	63	93	90	30	70	52	59	62	45	37	27	96	35	40	94	47	88	92	81	81	53	98	89	95	37	40	27	88	86	98	88	62	40	31	95	69	95	90	93	90	26	36	72	27	59	53	60	83	55	100	27	93	84	93	79	35	98	52	58	77	96	35	37	42	51	82	72	46	50	91	50	48	68	55	84	66	95	78	41	0	29	60	44	71	66	86	52	98	44	65	74	55	30	100	65	61	67	82	95	
60	27	67	41	39	47	65	35	71	29	58	44	33	38	50	58	41	39	93	61	63	47	34	66	41	55	76	97	98	38	81	60	90	71	71	40	63	99	48	62	36	92	79	50	27	28	86	59	45	100	57	84	68	61	99	49	35	57	26	99	99	34	58	91	100	83	73	93	64	96	68	36	50	51	90	41	77	88	30	66	75	28	94	66	26	81	0	96	67	67	44	98	75	74	91	70	27	100	53	43	45	92	59	71	30	
41	25	84	39	96	80	54	40	100	75	70	57	84	52	82	58	33	43	39	88	36	75	74	57	93	39	31	27	72	33	75	95	52	64	97	75	37	38	57	100	72	28	54	82	48	71	34	91	85	86	55	37	82	37	96	55	99	50	32	63	32	96	96	77	29	68	93	43	84	74	81	85	82	98	69	49	100	66	57	61	44	47	86	83	32	64	42	0	86	48	34	89	42	37	44	68	46	47	87	36	91	49	64	33	96	
65	86	65	58	49	85	74	82	74	35	59	97	66	29	56	89	81	50	80	52	77	88	43	69	62	28	56	46	40	27	77	53	78	31	64	47	81	48	64	31	45	61	63	89	28	67	44	68	49	57	59	63	37	45	79	90	50	84	65	78	33	31	80	66	99	62	80	86	42	47	53	54	62	28	60	88	100	98	51	86	30	75	38	60	95	66	84	84	0	54	55	71	96	78	34	46	25	26	55	35	51	69	78	39	32	
60	53	49	34	56	67	39	75	91	28	34	60	38	52	83	56	53	36	32	86	65	47	60	78	73	82	53	81	92	93	28	75	73	36	30	78	57	83	85	64	38	32	71	86	43	76	37	68	97	28	52	72	87	98	89	81	58	83	78	99	51	66	61	80	49	47	53	86	88	87	52	47	80	59	30	31	43	50	79	85	69	70	89	27	25	31	85	27	51	0	87	89	45	26	30	94	67	73	35	56	65	82	36	99	54	
68	64	65	60	30	79	96	47	53	35	53	69	79	63	89	27	62	74	28	61	90	80	100	67	81	61	97	30	77	86	45	61	56	78	74	35	99	58	78	86	34	70	76	39	65	52	81	58	36	91	56	38	46	93	39	35	56	26	63	59	32	62	99	75	68	92	94	90	55	48	36	40	78	86	61	29	89	83	62	99	49	53	57	44	43	35	31	83	47	75	0	27	48	49	42	48	45	45	34	68	26	57	35	81	91	
30	34	51	41	31	31	71	78	86	81	98	59	55	27	97	27	28	64	83	90	74	66	28	41	30	31	47	72	45	56	88	47	94	48	57	44	100	60	32	56	70	64	39	83	30	79	96	70	48	54	73	46	33	32	38	94	79	41	36	31	64	73	33	96	87	38	48	66	49	88	29	69	56	77	92	65	56	41	35	33	33	41	46	61	53	78	51	69	49	79	73	0	51	55	40	74	36	100	53	51	74	50	82	33	47	
36	29	63	42	90	93	100	58	71	73	49	78	69	93	34	86	41	77	71	64	83	56	94	38	30	43	25	99	34	87	45	52	68	31	50	82	57	77	61	81	96	44	39	55	51	51	41	72	57	27	36	69	31	33	85	65	40	65	69	87	37	51	42	96	44	50	32	88	53	74	49	55	97	30	96	29	77	73	71	83	60	33	82	47	64	47	71	87	78	94	38	54	0	64	48	89	86	79	49	79	37	30	80	85	35	
73	39	72	37	55	40	45	67	96	35	71	37	83	81	29	78	78	45	69	71	27	36	79	42	85	73	96	97	39	84	54	41	65	94	47	77	54	48	27	65	37	39	29	46	77	55	69	80	51	29	80	43	65	75	30	59	81	84	71	25	82	90	50	77	63	33	98	40	66	31	49	58	60	66	81	81	27	72	79	88	59	30	64	77	56	31	96	90	95	55	27	68	42	0	42	57	60	25	92	45	95	80	29	40	52	
51	50	100	49	49	32	64	68	88	68	57	72	90	33	37	73	35	63	40	57	55	64	88	60	91	76	78	26	31	52	100	52	98	31	30	44	89	88	60	79	60	39	33	31	73	43	63	95	65	32	38	51	64	86	89	31	65	100	55	69	42	67	60	31	62	34	63	66	46	86	89	26	78	46	25	40	82	34	96	31	41	72	94	94	37	30	74	39	65	41	46	38	100	85	0	74	84	71	38	70	92	80	34	87	73	
70	96	61	43	77	79	28	84	86	72	55	33	75	100	28	65	91	26	87	76	40	35	66	32	38	88	91	60	33	64	41	71	50	34	42	98	92	99	50	80	72	25	71	92	68	90	33	82	26	72	96	32	73	37	84	68	34	45	31	27	75	26	67	26	59	47	50	71	82	33	73	41	25	75	88	80	32	87	83	85	33	54	39	40	97	76	80	87	57	60	40	85	86	48	39	0	86	59	72	93	59	85	95	77	91	
80	44	77	47	50	80	67	75	47	51	77	87	59	70	40	84	77	32	96	44	60	35	81	56	75	99	56	29	48	64	37	39	51	93	67	40	74	37	77	75	35	58	94	87	75	71	40	98	95	73	34	48	38	83	55	85	33	84	89	90	44	93	90	75	95	78	90	63	74	92	41	50	62	75	33	93	27	92	69	69	90	81	50	63	38	87	35	99	40	31	71	64	96	56	40	56	0	50	29	32	28	34	76	80	79	
71	100	59	92	50	45	29	74	96	34	42	83	83	54	91	67	68	43	49	60	58	38	43	50	71	86	36	40	66	33	96	76	41	72	70	45	85	68	89	95	40	94	91	56	62	42	62	93	59	25	37	59	63	99	50	50	25	70	38	71	41	45	65	74	55	49	75	89	100	46	98	37	88	74	28	66	29	25	92	92	93	75	82	84	50	58	36	61	47	90	47	63	68	99	82	37	61	0	52	83	90	79	32	45	68	
55	34	72	78	87	27	67	30	41	78	40	35	39	49	50	72	88	63	25	71	77	84	71	89	71	74	66	77	82	74	41	54	35	31	76	76	55	83	39	65	100	68	86	98	73	71	58	30	37	59	33	63	55	97	60	31	37	39	67	72	49	34	34	47	89	78	27	27	83	68	90	62	35	97	39	56	48	37	88	76	51	40	62	57	71	66	53	92	95	64	43	51	67	72	35	48	100	91	0	28	25	89	69	26	99	
70	44	34	76	26	58	89	29	51	45	56	53	65	45	37	46	95	52	69	97	58	34	69	59	28	53	85	62	50	94	96	86	35	54	62	35	44	56	47	79	50	89	44	50	43	25	41	91	39	75	51	31	91	96	45	44	72	72	78	51	73	91	53	84	44	33	51	29	65	65	61	80	41	48	36	80	64	27	82	35	83	39	90	36	50	70	59	39	85	99	92	59	86	46	72	55	52	53	65	0	25	81	43	42	81	
62	39	65	68	37	30	71	91	92	31	92	29	62	36	32	94	37	52	51	85	63	43	97	25	32	28	43	43	95	40	35	30	89	55	69	41	59	35	96	49	54	62	62	70	27	35	37	69	27	80	70	70	99	90	42	50	69	98	80	51	42	61	65	52	89	68	29	60	82	25	51	43	34	93	92	31	26	47	71	28	58	70	35	95	54	62	56	73	26	55	29	85	31	100	32	51	69	88	52	30	0	39	67	42	56	
42	49	61	74	62	27	54	75	42	66	84	30	53	75	83	28	27	90	87	80	88	61	61	37	47	84	33	52	84	80	75	32	39	68	43	68	39	71	41	25	62	81	40	92	79	69	31	40	81	93	100	77	25	48	98	71	79	50	38	26	99	64	26	86	91	33	88	33	87	96	71	70	32	91	30	84	29	26	41	48	46	33	85	84	28	48	43	52	49	49	53	80	87	51	64	51	86	51	95	27	98	0	96	92	74	
90	83	85	25	89	83	25	87	79	25	34	85	32	75	60	39	45	88	32	81	61	79	25	87	97	66	76	47	48	49	64	87	72	75	72	33	72	41	94	30	100	93	85	59	100	74	57	98	98	66	44	48	100	59	58	67	61	33	63	26	45	35	51	59	85	68	85	55	30	77	60	81	78	47	93	32	89	79	42	63	75	100	90	87	60	31	37	90	50	39	92	38	40	99	37	88	53	85	36	88	29	75	0	87	58	
58	47	96	70	91	97	47	47	26	63	68	31	46	91	87	100	82	94	34	27	59	37	47	78	73	82	79	30	95	32	70	79	56	88	53	43	89	92	74	40	69	49	50	49	34	43	82	55	38	43	81	34	40	28	38	81	74	47	31	74	67	48	80	94	79	90	57	97	50	27	46	47	50	97	93	43	32	100	31	49	76	82	58	47	27	74	38	91	89	39	67	46	94	38	93	34	33	61	99	65	28	83	62	0	93	
94	38	97	95	92	78	83	54	75	35	28	91	84	69	80	69	81	60	66	29	70	95	69	78	28	77	59	27	60	34	30	49	48	90	48	87	90	66	95	90	26	96	33	92	43	82	43	33	76	77	87	45	57	98	43	95	52	66	36	73	91	89	74	84	26	91	56	90	70	53	84	85	58	58	92	42	95	33	32	54	95	37	52	69	70	26	83	26	85	72	34	54	75	98	39	58	46	30	25	25	34	98	51	53	0	
26	39	71	55	88	39	71	40	39	35	58	81	77	62	59	80	9	22	66	56	85	63	13	89	30	62	42	27	77	17	44	29	61	19	26	54	81	38	8	64	74	56	49	64	91	
39	26	55	26	50	31	64	16	47	41	24	57	45	23	45	41	46	16	55	30	56	32	39	50	23	30	25	29	57	54	5	47	27	55	38	27	46	41	46	43	62	40	26	53	52	
71	55	26	78	80	85	18	70	40	40	72	108	31	57	100	59	71	60	109	25	103	81	61	71	75	32	32	44	110	87	55	95	36	91	48	29	85	93	74	96	9	95	80	108	70	
55	26	78	26	39	23	89	15	73	66	9	31	60	26	24	42	63	35	33	53	31	8	60	45	26	48	51	54	32	65	23	48	45	64	62	49	28	34	63	18	86	19	8	32	49	
88	50	80	39	26	62	96	50	93	87	32	46	50	28	58	21	96	66	64	59	34	32	90	12	63	48	66	78	52	101	45	86	46	101	87	56	14	73	96	47	89	54	47	65	16	
39	31	85	23	62	26	92	16	68	62	30	42	74	44	21	62	48	28	29	61	48	30	48	67	11	60	54	49	39	46	32	25	57	43	55	57	51	12	47	26	91	17	15	26	70	
71	64	18	89	96	92	26	79	33	36	84	120	49	72	109	76	68	65	118	38	116	94	58	88	81	48	38	45	121	85	66	97	51	89	45	41	100	99	71	107	10	104	90	117	87	
40	16	70	15	50	16	79	26	60	53	18	44	58	29	30	48	48	20	39	46	46	23	45	54	13	44	41	41	44	51	16	37	41	51	48	42	42	28	48	29	77	25	12	38	57	
39	47	40	73	93	68	33	60	26	7	71	104	60	65	88	77	35	41	97	39	104	80	26	89	57	49	27	19	103	52	52	68	50	57	14	40	92	72	38	89	39	83	71	94	89	
35	41	40	66	87	62	36	53	7	26	64	97	56	59	81	72	32	34	90	34	97	73	22	83	51	45	22	12	96	49	45	62	46	53	9	35	86	66	35	82	40	77	64	88	84	
58	24	72	9	32	30	84	18	71	64	26	36	52	17	33	33	66	36	42	47	33	10	61	37	31	41	47	53	38	70	19	54	37	69	62	43	24	42	66	26	80	28	16	41	40	
81	57	108	31	46	42	120	44	104	97	36	26	85	51	24	60	90	65	23	83	13	26	89	57	51	76	82	85	7	87	54	64	73	85	92	79	32	48	88	16	116	25	33	26	61	
77	45	31	60	50	74	49	58	60	56	52	85	26	35	84	29	80	58	93	22	78	61	70	40	68	15	36	53	89	93	42	91	17	95	61	23	58	85	82	77	41	79	65	92	39	
62	23	57	26	28	44	72	29	65	59	17	51	35	26	50	19	69	40	59	34	45	26	62	27	41	25	38	49	55	77	18	66	22	77	59	30	28	56	69	43	66	45	32	58	29	
59	45	100	24	58	21	109	30	88	81	33	24	84	50	26	65	68	47	9	75	34	26	69	66	31	72	71	69	19	64	45	40	68	61	75	72	44	24	67	11	107	5	20	8	70	
80	41	59	42	21	62	76	48	77	72	33	60	29	19	65	26	86	57	73	40	51	39	78	12	60	29	50	64	65	95	36	85	27	95	73	38	30	74	87	56	69	61	49	73	12	
9	46	71	63	96	48	68	48	35	32	66	90	80	69	68	86	26	30	76	59	94	71	10	96	39	66	44	28	87	17	51	37	65	22	23	57	89	47	3	74	72	65	58	73	98	
22	16	60	35	66	28	65	20	41	34	36	65	58	40	47	57	30	26	56	39	67	43	25	67	17	43	28	22	63	37	22	35	41	39	28	36	60	34	30	49	65	43	32	54	69	
66	55	109	33	64	29	118	39	97	90	42	23	93	59	9	73	76	56	26	85	35	34	77	73	39	81	80	78	17	70	54	44	77	66	84	81	50	29	74	17	117	15	29	3	77	
56	30	25	53	59	61	38	46	39	34	47	83	22	34	75	40	59	39	85	26	78	57	49	52	52	11	14	31	85	72	30	74	13	75	39	4	62	71	61	71	33	70	55	83	52	
85	56	103	31	34	48	116	46	104	97	33	13	78	45	34	51	94	67	35	78	26	24	91	46	55	71	80	85	20	94	52	72	67	92	94	75	21	56	93	23	112	33	36	37	50	
63	32	81	8	32	30	94	23	80	73	10	26	61	26	26	39	71	43	34	57	24	26	68	40	34	50	57	61	29	73	29	55	47	72	70	53	21	41	71	17	90	22	15	34	44	
13	39	61	60	90	48	58	45	26	22	61	89	70	62	69	78	10	25	77	49	91	68	26	89	38	57	34	17	86	27	45	42	56	31	13	48	85	50	13	73	62	65	56	74	90	
89	50	71	45	12	67	88	54	89	83	37	57	40	27	66	12	96	67	73	52	46	40	89	26	67	41	62	75	63	103	45	91	39	104	84	50	25	79	96	56	80	62	53	74	4	
30	23	75	26	63	11	81	13	57	51	31	51	68	41	31	60	39	17	39	52	55	34	38	67	26	53	44	39	48	40	26	25	50	38	44	49	54	18	38	35	81	27	19	37	70	
62	30	32	48	48	60	48	44	49	45	41	76	15	25	72	29	66	43	81	11	71	50	57	41	53	26	23	40	79	79	28	77	4	81	48	10	53	71	68	66	41	66	52	80	41	
42	25	32	51	66	54	38	41	27	22	47	82	36	38	71	50	44	28	80	14	80	57	34	62	44	23	26	17	83	59	28	63	24	62	25	14	66	62	47	69	37	65	52	78	62	
27	29	44	54	78	49	45	41	19	12	53	85	53	49	69	64	28	22	78	31	85	61	17	75	39	40	17	26	84	43	34	52	40	47	9	30	75	55	30	70	47	64	52	76	76	
77	57	110	32	52	39	121	44	103	96	38	7	89	55	19	65	87	63	17	85	20	29	86	63	48	79	83	84	26	83	55	59	75	80	91	81	38	43	85	14	118	21	32	19	67	
17	54	87	65	101	46	85	51	52	49	70	87	93	77	64	95	17	37	70	72	94	73	27	103	40	79	59	43	83	26	59	26	77	5	40	71	93	40	14	71	89	62	59	67	106	
44	5	55	23	45	32	66	16	52	45	19	54	42	18	45	36	51	22	54	30	52	29	45	45	26	28	28	34	55	59	26	51	25	59	43	27	41	43	51	41	63	39	25	53	47	
29	47	95	48	86	25	97	37	68	62	54	64	91	66	40	85	37	35	44	74	72	55	42	91	25	77	63	52	59	26	51	26	74	22	54	71	76	16	34	49	99	39	40	41	94	
61	27	36	45	46	57	51	41	50	46	37	73	17	22	68	27	65	41	77	13	67	47	56	39	50	4	24	40	75	77	25	74	26	79	48	11	49	68	67	63	45	63	49	77	39	
19	55	91	64	101	43	89	51	57	53	69	85	95	77	61	95	22	39	66	75	92	72	31	104	38	81	62	47	80	5	59	22	79	26	44	73	92	37	18	69	93	60	57	63	106	
26	38	48	62	87	55	45	48	14	9	62	92	61	59	75	73	23	28	84	39	94	70	13	84	44	48	25	9	91	40	43	54	48	44	26	39	84	59	26	77	49	71	60	81	85	
54	27	29	49	56	57	41	42	40	35	43	79	23	30	72	38	57	36	81	4	75	53	48	50	49	10	14	30	81	71	27	71	11	73	39	26	59	67	59	67	37	66	52	80	50	
81	46	85	28	14	51	100	42	92	86	24	32	58	28	44	30	89	60	50	62	21	21	85	25	54	53	66	75	38	93	41	76	49	92	84	59	26	62	89	33	94	41	36	51	29	
38	41	93	34	73	12	99	28	72	66	42	48	85	56	24	74	47	34	29	71	56	41	50	79	18	71	62	55	43	40	43	16	68	37	59	67	62	26	45	33	99	23	26	26	82	
8	46	74	63	96	47	71	48	38	35	66	88	82	69	67	87	3	30	74	61	93	71	13	96	38	68	47	30	85	14	51	34	67	18	26	59	89	45	26	72	75	64	57	71	98	
64	43	96	18	47	26	107	29	89	82	26	16	77	43	11	56	74	49	17	71	23	17	73	56	35	66	69	70	14	71	41	49	63	69	77	67	33	33	72	26	104	10	17	18	60	
74	62	9	86	89	91	10	77	39	40	80	116	41	66	107	69	72	65	117	33	112	90	62	80	81	41	37	47	118	89	63	99	45	93	49	37	94	99	75	104	26	102	88	115	79	
56	40	95	19	54	17	104	25	83	77	28	25	79	45	5	61	65	43	15	70	33	22	65	62	27	66	65	64	21	62	39	39	63	60	71	66	41	23	64	10	102	26	14	14	66	
49	26	80	8	47	15	90	12	71	64	16	33	65	32	20	49	58	32	29	55	36	15	56	53	19	52	52	52	32	59	25	40	49	57	60	52	36	26	57	17	88	14	26	28	56	
64	53	108	32	65	26	117	38	94	88	41	26	92	58	8	73	73	54	3	83	37	34	74	74	37	80	78	76	19	67	53	41	77	63	81	80	51	26	71	18	115	14	28	26	78	
91	52	70	49	16	70	87	57	89	84	40	61	39	29	70	12	98	69	77	52	50	44	90	4	70	41	62	76	67	106	47	94	39	106	85	50	29	82	98	60	79	66	56	78	26	
2236		1886		960		2450		5355		4888		2360		2691		2880		625		1584		5120		1530		3024		1794		1880		2852		1652		5460		897		7084		4104		2124		3658		4214		1596		114		893		5427		4560		988		2331		1470		5418		2079		528		5103		4453		1200		6600		2318		4608		2300		4774		3717		
2419		392		4788		1368		1739		792		6984		408		2035		2736		1598		2744		2950		1449		1554		2829		2548		893		2914		2090		2891		1875		4180		4214		722		2952		2414		1147		1960		4565		416		1540		1155		5060		2880		2485		1886		1540		2695		2170		3430		2176		1242		3510		1612		
3002		2132		4380		2232		819		2756		8900		3690		8148		5226		1334		3740		2565		1786		2340		1139		7654		3752		4012		3825		1632		1352		6720		1305		2592		3485		3705		3332		3430		5152		2730		3822		1634		6348		3510		4320		1092		4225		2408		1218		6642		2208		2028		5428		1386		
5332		2021		4288		2200		375		4554		6972		1872		4930		4029		2808		5782		1872		1848		6204		552		4278		5056		5624		4512		2016		1480		5695		136		2470		1665		2146		6674		2560		7979		2058		8188		1050		8080		4779		3312		2079		5304		9021		4592		6080		1550		4316		6216		150		
2232		144		4505		1710		2970		3136		3599		756		2332		1887		1080		2745		1305		1863		3168		3212		1638		676		1938		2552		2880		2736		3010		5400		1610		1457		1725		2025		2074		3978		675		2070		1036		4992		3196		2132		4150		2501		3741		4416		1680		3956		2813		1870		3360		
3135		825		3430		3432		3888		4950		4018		3003		3431		2898		1628		5694		1740		1035		5092		1590		6200		3724		5621		1067		3808		3384		4784		2478		4704		385		1220		2124		6975		6956		1518		5544		352		3420		1530		536		2601		5940		5292		3658		3827		5580		3360		6612		1806		
1500		3196		1200		4752		6478		4256		1598		5103		812		1792		6365		4017		2196		3080		6975		4380		2065		1550		9690		945		4554		2079		2254		4104		4950		2852		1012		3102		2600		5320		2891		3024		2924		4266		2736		2208		7221		3780		4650		7830		1380		2958		4380		7800		4828		
2112		870		3360		688		5115		539		4140		798		5254		2176		1850		3384		5964		3920		1411		3933		3180		2220		1950		3840		3360		1863		1590		3904		495		3770		1620		3484		1258		4264		840		2144		2035		1550		4872		1960		2112		1674		4056		580		3003		611		882		2256		6370		
672		2436		4472		6006		3640		5016		4752		4845		990		324		5525		3515		3696		5292		7238		3588		1040		1798		2805		2816		8730		2555		649		3649		1748		3763		1320		672		8366		2664		3243		3498		2915		1271		325		2508		4224		4661		828		3002		1696		5548		4960		7553		2340		
3198		2646		4940		2871		2736		852		4747		2184		5100		2346		1512		3780		8342		3416		1197		6956		1300		3204		1950		4896		5022		3000		4028		5382		1080		6768		2880		5586		1200		2064		2156		900		6762		1880		4712		3243		5160		261		4608		1302		8282		525		1898		1518		6396		
5632		2146		3404		1148		900		2700		6090		1575		6992		4692		644		1505		1785		1207		972		1189		2880		1333		1540		1617		1798		630		3752		2976		3330		2100		1275		5220		3762		5320		624		4941		1368		4256		6499		3220		1479		4416		6624		1458		2296		2816		616		1364		875		
5236		2925		2314		644		936		2580		6489		2294		5612		3698		966		1914		1950		960		2940		1558		2666		4218		3840		4810		377		1092		2132		2975		3984		5472		5508		3922		1036		2904		2173		2108		1620		7654		6308		5146		680		1566		5780		713		3038		960		1740		3608		1209		
5580		3348		1664		4400		2025		5472		2952		5612		7569		2870		3312		2380		2343		2720		6853		896		4356		6035		5460		2107		4779		3621		4368		403		4964		3268		2340		7296		2925		4968		2700		7154		1406		2834		6715		4608		3762		7656		6400		1943		6205		4526		3906		8500		297		
729		1440		5293		4140		2765		928		4420		2418		1638		2074		3675		4161		5037		2809		2491		4260		1428		714		2501		3724		4004		4698		1040		4320		2185		3520		1260		1968		3550		1176		2170		2291		2226		1170		1125		2397		2774		1836		493		4959		7100		3577		2952		3944		2050		
4818		2160		324		5846		7055		2324		737		6300		1184		1518		2220		3300		3159		5185		7900		5265		5720		1767		2943		2673		9116		4704		5130		4466		5913		2072		840		1170		4218		2592		3080		3367		1360		5185		3444		1643		6319		2912		4958		7857		504		6365		2592		4320		6004		
6840		4144		658		6474		4104		6794		1050		5544		4606		2254		5822		7169		1161		4760		8989		1815		5929		4158		7700		650		5656		2592		3828		5963		5538		1140		1890		1911		9919		8648		5432		7154		2788		2592		2970		1740		4346		7776		5609		4416		510		6840		7128		5450		5525		
2184		3519		1140		6650		5229		2214		3002		4950		3080		2184		3658		3492		845		2254		7426		1638		4560		5642		4326		2093		7740		4608		4620		1590		3330		1782		2628		1768		5200		8835		4250		8051		1900		6887		5605		2500		2272		5060		7790		8008		1450		5632		2516		5508		3468		
4200		2679		3162		2470		5280		1764		6216		1600		6141		2624		1085		775		5504		2912		130		2278		2484		1776		248		5390		2660		784		4340		4964		800		5032		7056		6860		1235		4160		2632		1833		1890		2257		3724		5548		4002		1368		5226		351		3815		595		1012		216		5472		
4814		3895		882		4026		3212		6745		2040		1596		1620		1102		5220		4608		2520		2832		4437		4914		1914		1794		5568		504		7268		6020		3312		4488		5490		1850		459		1116		7252		3626		3311		6400		2322		3234		3168		1581		2204		7189		3111		6804		1820		7790		4020		5415		5590		
2046		2318		7395		3822		6720		1953		2376		1620		2301		4346		4416		6014		5904		4466		3744		7546		1829		1375		2430		2752		4347		1650		3465		4648		646		6231		2703		2322		3016		1425		3108		730		6240		667		4455		2013		5530		1488		1102		4002		3293		2146		2890		2016		6278		
2370		1204		2385		1404		1008		5244		4599		3186		4002		3328		1849		2516		1330		1924		6460		400		3948		4234		3485		2070		2640		3825		6150		1742		6240		700		1376		3186		4740		5225		2301		3060		1026		8924		3264		1530		1620		6480		3698		1836		4125		4189		3944		5880		1296		
2046		1863		1914		2639		1900		1824		2628		990		6732		3348		1700		3276		2838		148		4982		700		5621		3168		1525		875		3735		2520		6534		1012		4140		1690		1107		3180		2352		2997		836		4130		1320		6075		6200		1568		2079		4140		5698		1350		5628		4512		1800		5795		1150		
2484		208		4800		1666		3528		1296		4760		1403		2240		891		2790		2730		2016		1232		4664		1320		1470		780		3844		1425		2112		2440		3060		4070		2673		2044		486		1056		4420		5200		912		4753		625		1836		2604		2090		2544		4462		2709		5049		4840		2352		2958		3180		1400		
1088		2511		3618		4860		6318		4410		4428		1326		960		627		4968		2988		5766		1350		4030		6790		1440		684		6716		3360		4420		2013		495		5120		850		3312		1924		300		6970		2937		1073		2580		2162		2916		1045		1638		2926		4080		1000		2881		3876		2806		4450		4331		7544		
4161		3393		4620		741		1265		2214		4850		1089		4176		5280		1456		2025		3304		806		1050		2992		5589		3952		2870		3245		1235		715		6237		2048		1804		3120		4464		2553		3007		7560		3290		5940		3984		2407		2496		3024		360		4836		5913		1656		2300		2232		1586		1596		3060		
6720		4650		3870		1620		1581		2392		7875		3600		8827		6570		1161		1943		3213		2376		2156		1855		4464		4544		2832		6432		1581		1386		7128		1044		3976		3132		1917		7268		3384		9312		1755		6468		3456		4512		6160		2816		395		5229		6532		2368		3465		2542		3116		4100		1716		
2070		4950		6768		4941		7128		1320		4136		2401		3162		4350		2077		8000		2910		4408		4816		5035		2538		2925		4697		7392		4752		3933		2700		5150		1908		3526		1920		3450		5325		880		5841		595		2480		186		1274		5400		6480		2880		624		5395		8342		5280		4266		4872		6930		
1742		1989		2016		2301		2958		2870		3192		4752		3572		3698		3952		4136		520		2109		4399		1292		4278		4950		2668		858		2706		4836		5015		1350		5146		902		2450		2142		8820		7802		1786		2520		1335		2838		1274		624		2176		7200		4402		6083		2511		6468		1764		7007		4459		
2046		960		1558		1376		2847		2378		5358		2898		4218		1820		1995		5950		1328		990		5762		1160		2911		2250		3496		1700		2772		3696		5890		1440		4982		612		2480		3450		6643		5904		2538		5929		469		2241		3795		774		1232		4620		6048		5673		2250		3906		3840		4940		2240		
3510		232		2750		2436		1288		1073		3965		2016		1519		2268		1058		3894		3256		1278		2650		2312		1872		1656		5605		625		2072		2211		4048		2200		2460		2139		648		800		5700		1891		420		5445		960		5022		2747		651		1677		1632		1508		3588		2784		1485		1680		3016		1978		
3432		5850		6750		4216		936		5460		8091		4550		4851		9500		2754		5760		1716		1764		8217		720		10120		7790		8900		5368		5820		3477		8446		918		2158		1700		6424		2464		3588		8925		3180		2700		2744		3840		7469		2340		2240		3648		5439		3066		3655		4977		4830		7200		826		
2376		986		2538		2520		4514		3233		930		3528		760		1600		4872		6734		2200		2162		5609		4332		2025		3080		8800		576		5785		4224		1530		4761		3111		957		810		850		3404		5880		1887		5372		2970		1856		1430		570		5775		6555		2303		4851		1736		3626		3060		4730		1863		
8000		1364		1596		5115		1400		3600		1534		1456		2747		6174		2898		2964		350		2668		6715		1300		7812		2242		6864		2784		4130		3685		2025		1200		4355		1406		3024		3770		6059		7872		3034		4004		1026		8722		1943		1316		2401		8400		8256		5472		4539		6068		3233		7480		1652		
1404		770		6424		145		925		1050		3612		378		3726		4851		180		2988		4070		1008		1769		2128		5766		1188		2470		1968		1768		440		5278		2058		676		3741		2585		2550		3034		2730		1159		1950		1521		3648		1475		3916		1288		2294		4030		1311		4455		2232		1012		3382		4275		
7728		1125		4712		4275		684		1848		7110		1989		2187		7144		1152		3660		1952		2185		2856		216		8010		6076		2325		3124		4590		1394		3569		747		4672		3168		1836		6528		3082		7821		3960		6230		3100		2500		3773		2226		1500		3354		7371		2204		2376		2268		5200		6225		288		
1650		780		2021		3255		3680		1440		4565		2581		4324		1763		2407		2210		1740		684		3306		1457		4565		1247		1742		828		4087		3003		3243		1722		1330		1455		1900		2145		4154		5412		390		4402		852		2788		1638		798		2116		3640		1881		1855		4794		1352		1710		1848		2200		
5621		4104		68		5280		8100		5307		1190		4464		3649		2952		2516		4620		1551		2340		10098		3050		6935		4960		9632		1836		3465		2772		2728		6552		2849		2414		2652		1564		5488		6141		1824		8148		3458		6696		3550		2263		4785		8352		3344		5782		608		5917		5494		6050		3337		
7056		2530		3081		1326		490		2166		6460		2295		6390		2352		2619		2100		4800		2225		5141		1974		4277		4650		1475		3819		2480		1728		5332		510		5046		1833		3402		6882		1200		4753		3690		6237		3520		5952		6142		5346		650		6800		3680		2520		8800		1470		2688		3660		1881		
1102		1989		2970		5782		2910		1248		2430		4512		2146		3726		5200		2160		9300		2664		1456		4876		2162		2844		5063		6497		6525		4624		1344		2500		1530		3744		4980		2346		3225		657		3976		1003		1976		415		2475		3337		2640		3136		640		4992		5301		5335		2288		2262		6489		
6528		2560		814		4260		4292		2059		2340		4950		4080		4230		1300		3608		1044		1961		4067		1184		6020		1785		3772		636		6396		4774		4800		4116		3276		828		1196		3397		5824		3230		3081		5848		1410		5307		4900		1316		3087		4212		7227		3978		2015		3900		5952		6461		2544		
9600		6200		3283		5208		2407		3154		3145		6324		7812		6072		3763		7350		2412		2184		4536		1785		4028		2106		9100		3294		4224		3249		8148		1188		2511		4085		4554		2296		7614		5520		3021		5300		1978		5684		5369		3233		3096		8835		10379		4884		5928		3600		4899		7007		364		
2856		5346		210		2133		3237		6720		494		6650		1820		2345		3285		5232		2196		4380		9500		3087		4154		1624		3924		2470		10185		7636		2565		3750		2368		3010		780		1271		3663		6552		1624		6072		1710		5829		1584		2640		2349		5612		5950		3880		203		2660		6320		3132		6660		
4730		2842		1118		4628		2204		5100		3744		3240		2432		2992		2438		6970		1564		2640		3330		3200		5220		1672		3864		86		3900		2408		3264		4316		2193		1067		468		1110		6552		3744		2190		3869		715		6586		3800		180		2440		2730		5280		2660		1156		6348		3465		3772		4940		
138		3608		4662		5335		7031		1026		5994		1640		3066		1102		2124		6240		4740		4800		4814		6888		960		1104		6110		1888		3740		1701		1568		2275		2100		2145		2205		2580		2849		910		1334		918		6048		560		783		1710		3608		2109		472		3584		3234		4536		2058		5922		7626		
4420		1805		2242		2800		3888		1568		3060		3400		2025		3800		1650		2346		1768		1365		3844		1440		4674		2944		1872		650		3120		1376		4224		2156		2688		1023		846		1504		3550		1904		990		6072		306		4900		2460		480		3577		2040		5278		4350		4277		3192		1290		3640		4092		
2464		675		2400		728		3520		511		2752		735		4588		3685		832		4512		3266		1672		1620		5208		1764		588		2088		5187		3024		1768		1512		2516		216		5529		3360		1978		2430		3640		1015		759		2484		1287		3456		3710		2808		700		2000		2560		3182		1320		1566		1221		6461		
3969		2352		4982		2314		1593		4048		6048		3485		7469		2340		1898		1140		2967		2516		2695		1849		7387		1525		1558		3500		261		1224		3870		3192		5049		2294		5832		7584		925		3913		4005		1750		3717		2670		7482		1943		1287		1980		3649		943		6180		2673		2848		3560		3192		
528		2044		5859		2990		7488		2652		3835		2945		3204		2580		3456		5106		6138		1989		3685		6831		1368		456		5796		4048		6622		1836		1305		5382		2136		1581		1815		1380		6192		810		1221		1122		2250		1320		1782		4042		4104		3663		1800		4988		2278		4641		2255		1740		3280		
4140		1908		5328		3936		325		3920		6853		4959		2457		2580		2360		5546		3813		2040		2346		1218		8428		2001		7220		4590		3744		3139		2821		249		4899		3569		5568		5698		6175		5300		4704		8554		1968		6890		7743		2340		756		3526		5643		3190		7380		5915		1400		6004		285		
6786		2296		4992		2800		1056		1250		3441		2184		3870		5520		1659		3382		1683		1364		3948		2231		5160		1680		4558		1760		1456		2058		2106		780		3536		4554		2040		6650		2236		5551		900		5550		2881		5760		6162		4056		511		5766		2924		1368		4698		1591		1260		4104		1200		
3160		864		4536		1296		4032		1357		4608		427		5115		1344		504		2842		3672		2040		2923		3612		2496		1512		2898		1560		1470		1425		2967		1600		1037		2923		3332		1476		2107		4611		837		3234		2482		3551		3916		1330		3822		1802		1728		1295		2660		2912		1350		1890		2226		
2108		3192		6789		1216		2223		1922		7140		900		8366		4182		1785		1050		1800		3420		779		4067		6006		4100		2350		5100		1020		648		5100		4851		1406		4526		4623		5670		1003		6004		2340		3575		5900		4662		4914		4352		2000		3080		3724		608		2626		1496		1482		2444		2964		
2769		3108		4042		1750		5994		481		3600		1276		5110		5829		2279		3504		7912		2451		1848		3900		1363		1190		1218		4320		4275		3654		4050		7440		1596		4104		6174		5488		3913		1560		4400		1440		6900		1073		3720		2584		2170		39		2610		1156		8400		1824		1350		2184		5063		
4189		609		4674		1344		2520		3276		4757		936		5166		1482		512		2958		1800		243		3136		2100		3564		2664		4617		2706		4455		750		3186		1080		1326		2444		2257		2773		2214		1850		540		5760		2090		5550		3360		2100		2378		3780		3953		1804		6600		4214		3000		5472		1632		
5451		1360		4312		1035		2240		3366		3737		2070		4002		3969		629		1672		4554		2720		1794		3024		2106		2850		1152		2496		1552		312		6000		2296		3760		3249		6208		5658		2001		7031		1476		2655		3763		6083		3003		4200		1080		1232		1925		1260		2813		1334		1155		1188		1710		
3416		2499		3816		2108		4288		2376		9775		3384		4692		7310		2520		1080		6734		4161		189		4464		3124		3224		210		5508		2356		2937		3744		5183		1820		4524		4636		6956		1974		5504		4998		3588		7200		5124		7663		4680		2805		1584		2001		850		5876		1104		2600		88		6545		
2822		4189		3410		1089		2491		2948		7320		3290		4876		5445		1672		90		7569		2491		858		3968		3128		2144		1560		6120		468		2352		5642		4002		4240		5226		7812		6090		552		6942		4536		4680		5775		7138		4370		4293		3201		2050		8190		1080		4956		2673		3185		1107		3224		
1188		748		4018		1640		3618		1672		4320		1036		1728		925		1800		5040		3300		3159		5643		2860		2015		275		3696		1650		5694		2450		874		3445		1458		3348		1098		806		6532		1806		858		2205		2244		3240		1869		1148		2961		1845		1914		1824		4536		2912		2028		3136		3149		
6450		4257		2511		5723		2600		4234		3792		3192		3538		5115		3570		6375		25		986		5727		2070		5293		2688		6716		840		3276		5880		6003		1107		1716		952		1960		3224		5429		3680		1886		7740		592		6298		3009		1596		5800		4200		6160		2618		2240		5538		2496		4732		1638		
2112		366		1482		1288		5115		840		5376		1425		2790		3800		1053		4189		1323		1363		4500		4089		1760		902		2214		2277		5251		2485		1505		4200		551		2975		650		2376		1508		2640		462		1932		2976		1372		1155		3000		4500		3108		1886		1276		4410		3840		2288		4940		1450		
5760		2537		6776		3000		768		5194		8928		3108		6003		2187		912		1600		3724		682		4300		1722		7832		4466		2072		3465		2640		1176		3116		425		1836		4230		4575		2059		2852		6789		1216		2730		2730		5487		5680		2288		792		4095		7568		2691		5762		2024		2508		2793		882		
4500		2451		3589		1940		4264		1302		6042		1568		3654		6080		1484		735		3120		2254		320		2880		4347		3542		598		2232		900		1470		2415		1525		2511		2244		5916		2516		1088		5478		1517		4042		3008		5952		7178		5916		2262		1026		2720		456		9152		148		992		611		6110		
4118		1665		7917		546		2209		980		4545		1633		7216		5852		1232		2178		5183		3471		308		1890		4556		1806		1862		4092		1064		1120		2046		5208		2492		2976		3087		5312		630		2244		1188		4004		2900		3968		3621		6076		3094		1276		6468		588		7128		329		352		684		4130		
4275		1716		7990		424		3311		1281		3936		1387		7584		5400		1248		2425		3819		1122		680		2448		3630		2280		1925		3720		2324		370		4800		2050		1917		5432		2320		3840		2250		4488		2190		1426		3588		2432		2948		3363		2070		2418		4030		330		8742		384		544		650		3132		
1620		3024		2752		3588		4305		4700		2158		2750		2050		4512		2555		3036		3478		2686		3519		2619		990		1080		3825		1898		7742		3619		1352		10070		1980		4960		3068		2924		6512		280		2867		1984		4914		420		2242		2556		6790		2475		754		4028		4488		4690		2709		2952		3706		
3332		550		4784		2600		2016		1517		4736		1596		4982		3404		1120		3976		1554		812		3216		1364		1650		2314		2726		1863		1431		2640		2160		3362		2046		2064		2376		2160		2394		4288		500		3080		1620		3328		4500		1872		3276		3168		4704		3740		3960		2881		2378		2166		3784		
240		1075		2415		3294		8928		4606		3894		2714		2108		840		5796		8536		5621		4554		2010		2158		78		1998		6734		1568		8372		5451		344		6324		2368		2709		2184		800		4505		1539		4080		1850		4526		920		882		2808		7308		2530		485		2088		4480		2176		3416		3816		4180		
1116		416		1836		1672		2597		1394		3724		192		4200		3136		968		4560		4275		1620		1320		3822		4500		640		2709		1716		2050		2376		2419		1960		484		1978		2479		2479		3840		1200		1425		2016		3920		2688		2156		2640		3555		1484		1232		1122		1924		812		1104		2501		4838		
2028		2501		2303		3600		1581		2640		1782		4896		3834		4158		3432		4550		570		1628		3384		781		7560		4218		2000		1664		2684		1927		3300		1034		3906		588		1320		1620		6586		2444		2294		7395		760		8455		4284		1550		2120		2730		4590		6400		3717		3149		2754		4880		1780		
3318		3933		6804		2945		1824		1000		7320		1763		5562		4800		2052		285		5504		1664		1936		5456		6776		4662		882		7968		1344		1742		6090		4897		4116		5313		3772		2520		204		4080		2538		4575		4161		5494		6552		2686		2856		3726		5307		885		8584		2162		3104		851		4851		
4187		1496		3444		1014		656		1824		9504		2613		4680		6552		1386		2760		4176		1323		2730		1643		4002		3364		4324		5795		1580		1674		5740		1944		5100		2132		2600		6205		3348		5220		1365		3577		4900		7654		5002		5336		294		4248		3393		2010		9300		2318		2178		3456		1519		
2640		990		2772		3248		7600		4752		3772		4275		465		200		2565		4717		1961		4992		3358		5082		2146		1196		2952		1860		4806		2470		551		5236		3397		3400		527		380		3432		1748		2738		4312		1025		1274		624		1767		3276		5310		992		6808		2948		2484		5040		3200		4056		
8484		4030		5135		2805		1188		6006		8832		5720		8217		4606		2448		5355		1248		3471		3450		2001		4280		6162		4860		3596		4131		3300		4500		996		7566		1275		5112		5160		2590		7360		4389		7548		2450		8625		3936		5640		2816		8550		3564		1820		4576		7200		5985		6068		310		
2160		594		3430		3096		3087		1820		1715		1332		3690		3276		1044		6768		1357		1173		3510		1504		3074		850		2550		594		2448		3910		2548		1848		2295		756		1513		1089		5328		7000		1848		5916		679		2376		2016		686		4947		3969		5880		4392		3872		5280		3220		5328		1530		
1640		1188		6230		2496		4875		200		8160		1386		2343		3380		2652		3990		3160		3038		703		1943		3773		2294		1508		2178		1400		3102		3774		6248		1386		2535		3422		3604		2888		2160		1702		2200		3348		3192		3538		4464		1998		624		3024		918		6840		1445		1102		1296		2625		
3738		525		3102		2048		4539		1824		2166		2116		3520		2516		2072		2583		1482		2254		2288		1755		2444		700		1736		1610		4819		2368		1880		3871		2040		1449		1691		1107		2176		5700		891		2120		924		3422		2556		1260		2496		3264		4752		1800		4730		4324		3168		1740		4641		
6318		1872		3015		3094		1079		4730		4814		1722		7360		4736		2425		1350		3588		1232		4760		1067		3230		4125		4851		3312		2000		1914		6630		336		2646		1820		4505		2730		3575		7544		1632		2528		3168		3220		5032		2365		1159		2814		3740		4324		3572		3468		1640		5376		1065		
1025		2080		9500		2968		4606		2278		5856		3420		5005		3300		3596		5254		3990		2263		2800		4823		1550		1634		5346		7296		7298		4160		1014		7154		2752		2800		5312		2958		6279		612		2520		950		3666		611		4998		4662		4116		1575		2716		5369		7742		1862		3136		1887		7676		
720		3040		3894		3484		5084		1189		5310		2886		1972		1296		1855		5022		4680		5170		5084		4047		390		425		6930		3300		7636		4980		720		6237		1271		4947		2610		750		2212		1092		1073		1672		1500		1056		1410		1161		5852		3256		1296		3835		5270		1450		3360		1943		5395		
2670		3685		2760		2613		3650		6552		5452		4080		4824		1863		4582		4590		1027		3321		5551		1830		3813		2553		2600		3325		2916		4026		3403		1140		5538		864		2548		3696		5922		10080		1872		6630		2639		6955		2960		3325		2700		3230		5640		4452		4802		5504		2701		4700		1505		
598		2601		3496		6188		8888		3927		2520		3816		3081		1080		5396		5673		3096		3256		5893		7084		486		1365		6864		4288		7644		5168		1232		6262		3784		4464		2400		1518		7380		1148		3248		1480		6035		1539		980		3150		2914		3479		355		3850		7469		2208		1860		4050		5356		
2442		2730		3828		2016		990		1512		3182		4059		6984		5092		1431		2679		840		780		3600		576		7360		3876		5780		1147		4410		2482		4752		1024		2970		1118		2835		5310		2806		8544		2760		2528		2160		8188		2924		2006		1456		4896		3159		2958		4556		1430		1677		6052		882		
1015		1472		5695		2392		3000		1458		4070		792		3468		2464		2146		2592		3720		2304		1998		3410		2109		440		2392		2508		3249		2992		1462		2790		800		1395		1656		2144		3710		3690		1900		1856		2150		3198		2394		1763		4784		2132		1702		2145		6205		1856		1562		1804		2535		
3588		2480		2550		2773		2015		5915		4355		2650		6510		3575		1710		5520		931		1722		4970		410		6640		3976		4503		1888		6000		3128		5025		777		5002		1932		1144		4012		5402		6486		1728		5074		1620		5985		6052		1488		2925		7315		2184		3402		3481		6336		3551		3002		960		
2940		2898		6552		1504		3264		3185		7931		2387		6230		4100		950		493		2040		2074		2350		2565		7900		3366		2310		2772		495		855		4560		1720		1120		5782		2442		3905		987		2560		2584		2537		3136		5070		5451		3472		880		4356		7098		1222		5049		814		1302		2511		3901		
9405		3762		3599		4860		2077		3200		4424		2210		4350		4838		4182		4788		1440		3528		6474		1404		9696		3182		7380		1920		4680		1904		8556		475		4524		3610		3477		6930		5994		8658		3763		7107		1850		5600		4080		3792		1760		7912		3672		7227		6160		2574		5695		9009		915		
480		1760		4745		5340		8928		2596		5041		3555		1599		1330		2709		7225		5600		2211		4160		5712		305		1080		2414		5192		2520		5984		988		4794		1575		5742		2475		1856		2624		868		4067		3104		2405		792		676		5244		8256		2562		117		4554		5550		2257		2268		2176		3072		
1825		2592		2420		2990		980		4662		3172		3572		2048		4366		925		2800		672		1100		1890		1335		2652		2860		2607		702		3224		2162		4002		2673		4640		420		1482		3445		3182		7565		1760		2407		1204		6210		5580		2300		3570		4425		4029		2835		2592		3900		1820		6952		2314		
5896		2601		184		3825		4056		7938		1206		2479		1739		2988		6762		4095		2821		1595		4320		3712		6432		3304		10176		2200		4000		1975		3762		4900		6816		810		1540		2400		7811		4648		3536		7644		924		3132		3740		2150		7470		6210		6720		3441		671		2275		5852		4472		6141		
2080		2881		3069		3600		5846		1116		5044		2542		4209		2898		2592		2520		4089		5100		1568		5530		3120		2772		1036		5964		5504		4080		4320		3024		700		2336		4819		2340		3723		2944		3128		336		5950		2465		3410		3876		2176		464		1178		3116		7056		1674		1749		2856		5456		
5518		1887		2835		3280		79		4340		4268		2040		3666		6248		1452		3634		2907		1595		5742		1650		9409		4154		5376		1560		3026		2871		6916		936		1600		4410		6030		2054		4628		3672		3358		8265		2632		2856		8624		2736		840		5402		3395		3948		8010		2310		3243		5460		1232		
1036		975		5980		2091		3108		1421		4284		1534		1600		1530		2322		2415		3380		2400		1470		5940		1254		520		5643		2806		7200		2597		1060		3375		1512		4590		3230		1564		4224		1943		2430		957		2793		1470		2511		3520		4288		1408		968		3498		2967		2880		2808		2145		7238		
1065		2900		6132		3880		4256		2304		4332		2028		1680		2184		4268		5330		2376		2756		4224		4060		1464		630		4316		1620		3150		1764		1000		6630		585		4104		4074		1922		3348		2574		2448		1554		1540		775		3264		2499		4420		2250		1679		3381		7254		2829		1972		1225		4212		
4745		910		2277		945		864		3479		5796		2664		6630		3816		874		2565		2478		884		1800		1376		4960		2346		4560		3174		1152		1978		2516		1692		2842		2052		3366		2108		3969		3045		1305		5402		2178		2580		5041		1720		592		4514		3645		3840		4056		1575		980		2337		2100		
1682		1444		748		3224		2856		2992		986		3672		1904		1953		5152		5244		1638		4300		5727		4459		2596		2552		7626		252		8360		5742		4606		6039		4012		912		1456		1612		5452		2886		3432		6873		2002		3157		3626		1131		4970		3003		1830		4240		1824		2574		4608		7826		4140		
5073		3192		2500		6970		3102		2430		1288		5250		1425		575		6474		9379		3796		5440		3700		6075		2970		3564		4578		1155		2775		2784		2200		2697		4189		1656		2387		3234		6554		3124		5841		8500		2695		7350		1216		988		2976		7047		3933		6237		714		5605		5994		5992		7569		
8613		3060		7040		4982		1425		5850		5529		5229		7029		6392		3105		2400		1824		2664		4453		1782		7208		3696		6318		4154		3888		3337		5148		500		5776		3621		6984		2720		5360		5650		3520		9900		2352		10848		3515		3780		2552		8091		5457		5456		3471		5727		2196		6320		390		
9108		1566		4209		4480		1876		7448		2418		3355		4165		6720		1269		4104		2436		1056		7663		602		8918		4620		8084		3726		5002		4212		4094		1040		3034		2905		4814		4662		7238		7276		4557		9207		3255		8748		6889		1935		3040		2464		7821		4140		4760		5328		5166		5504		888		
990		369		4720		2175		4930		2444		5610		675		1305		1824		2146		5487		2173		1632		2420		3300		3071		448		2014		1512		5820		1980		3136		5546		1040		1558		1736		1872		4350		3735		1316		3354		2590		1845		2822		1749		2968		1330		1216		3828		3510		1287		2496		1836		5490		
640		1480		3822		4316		5368		850		5382		3686		2021		1974		2968		6688		4536		1890		3078		2268		640		1632		2220		5856		6068		2460		1953		4050		1782		2508		2208		850		7128		1400		3375		1197		2752		1260		3026		2950		3840		2697		650		4260		3078		4794		2070		3596		6532		
1771		2970		9212		4758		4508		3276		7520		1392		2790		2958		4224		4503		3264		6764		4125		6110		864		1716		3600		7546		8178		2788		2304		9282		2772		4510		3584		3100		2738		348		2065		528		2480		588		3479		5550		8277		1736		1584		3840		8051		4806		3763		2565		7350		
4028		2304		1596		5368		3360		3575		924		1300		2204		806		3630		4550		1290		3476		2460		2397		3510		2173		5551		341		5808		4875		2640		4158		2744		682		684		972		4929		1820		2622		6900		1224		6789		2048		1204		6696		6142		4104		7347		2444		5396		2170		4984		4221		
2376		4700		520		5329		8415		6290		1394		4898		1860		1860		4623		8216		1672		5192		5428		2640		3120		2491		3162		1378		6324		7410		2184		4914		4160		2923		2068		1120		3885		2898		3550		3600		2847		3650		1363		1450		8178		2349		4235		5733		1260		8613		7030		6900		4446		
1950		1512		7469		392		3612		1242		8008		330		5950		3968		864		986		1525		1092		1311		2250		1711		1088		2048		2392		2870		1144		1960		1813		1701		4018		1450		4590		3300		2501		660		2236		3690		2940		5369		3381		1980		2640		3480		1482		7140		1530		316		806		2860		
5874		3724		2697		840		2720		899		2970		1809		2210		7176		1136		1428		5808		1085		2328		1677		5025		2585		1950		2914		1406		360		3240		2451		1073		3528		6200		6468		1541		1900		3264		5208		1664		6956		6808		5664		924		3116		6586		663		2660		1760		1258		1333		4230		
