105 45 1
0	84	82	52	80	61	66	85	55	88	76	78	79	66	85	57	58	74	93	91	78	87	66	56	76	65	79	76	71	63	68	70	72	74	69	64	53	68	62	84	84	76	87	86	98	73	97	66	73	76	83	70	80	100	57	84	67	77	76	92	50	63	82	77	96	63	99	62	93	85	73	91	51	58	86	86	72	79	88	100	85	64	88	58	50	75	54	58	96	89	88	72	50	79	76	53	77	69	61	69	81	83	86	77	64	
91	0	84	65	50	55	76	89	61	52	53	58	86	65	52	74	73	76	72	57	64	92	85	79	84	66	52	100	77	50	93	51	69	74	79	87	84	77	51	56	99	59	67	81	80	56	78	98	68	92	99	63	62	71	91	95	62	88	85	73	63	83	55	60	55	77	50	58	80	72	54	85	69	92	56	99	51	54	75	89	97	62	68	89	75	88	84	84	88	51	61	61	78	83	81	68	61	61	83	58	87	58	52	83	56	
98	74	0	96	50	80	86	75	52	72	76	89	53	72	99	73	66	72	87	60	58	68	97	99	63	53	56	76	58	76	55	92	68	71	66	86	79	94	88	92	85	69	97	80	68	77	73	70	62	54	71	74	64	55	61	90	76	84	94	62	86	63	69	54	73	61	90	75	50	63	83	71	59	99	56	90	98	58	80	53	67	64	75	92	92	87	66	90	82	52	52	57	89	53	76	97	61	60	54	85	86	75	63	86	69	
60	61	72	0	93	99	72	51	76	51	88	80	91	66	61	77	71	70	100	99	93	94	65	57	100	82	73	97	85	91	77	79	58	98	91	57	52	67	55	54	76	51	78	93	76	84	87	85	51	59	84	67	53	57	96	61	69	79	58	51	85	88	86	53	80	97	97	71	75	92	96	80	86	76	75	58	99	79	63	77	85	84	54	77	81	84	75	79	80	72	57	75	87	51	52	76	66	51	62	55	69	78	80	81	97	
89	76	74	83	0	70	74	74	86	77	64	80	64	85	77	97	62	71	80	89	96	84	91	76	61	57	95	62	83	50	97	64	93	64	98	75	56	71	85	72	55	89	55	72	67	65	88	67	66	52	79	74	60	55	99	94	75	68	91	58	58	52	57	73	69	95	71	71	83	65	53	91	95	96	95	89	58	79	51	90	76	93	64	94	79	69	91	76	97	71	79	88	94	67	59	87	86	94	53	86	94	68	54	58	71	
54	84	78	91	94	0	82	95	94	74	55	69	69	85	56	53	57	74	86	62	69	99	82	84	96	68	93	90	71	53	75	74	72	75	87	97	65	57	55	54	99	70	62	99	92	60	56	60	67	79	72	79	72	68	69	80	71	57	84	100	85	70	93	91	90	69	50	74	82	82	82	90	69	68	69	67	85	57	64	84	93	66	57	80	50	96	69	76	67	63	64	92	56	82	52	73	69	57	88	83	50	90	78	64	71	
66	76	86	92	61	73	0	52	53	60	78	92	71	92	64	59	68	97	80	68	73	82	98	70	52	72	80	88	94	56	55	83	92	79	83	100	50	96	59	99	76	64	86	80	92	92	83	87	82	67	77	83	66	94	72	96	64	98	55	71	92	99	66	76	77	91	97	83	62	98	80	56	62	95	60	58	92	80	81	92	84	69	94	84	55	50	84	82	73	79	51	67	93	68	83	79	53	87	64	72	58	54	95	100	80	
51	85	74	79	95	72	85	0	74	63	98	62	98	74	56	99	93	61	50	89	52	98	82	79	56	56	92	75	83	75	76	56	96	84	64	69	69	92	62	56	87	83	60	93	51	55	59	68	89	86	83	79	67	58	64	58	61	84	70	95	79	67	72	85	92	90	93	64	63	58	77	53	100	88	56	58	71	89	60	72	51	97	55	63	74	90	63	60	64	69	60	97	88	81	79	68	96	60	55	90	85	50	88	55	95	
83	67	69	60	66	50	96	90	0	87	92	94	56	67	98	68	67	54	79	89	93	75	91	82	72	67	67	64	96	81	87	58	89	62	81	93	66	81	56	69	56	63	56	60	88	53	73	99	61	60	84	54	93	57	56	91	98	52	53	92	57	90	61	70	80	83	52	100	91	71	51	55	99	94	84	92	62	86	80	61	61	50	72	70	97	51	76	69	93	90	81	66	81	83	82	63	51	100	60	82	78	69	56	72	57	
79	77	74	95	54	68	55	65	92	0	92	99	91	90	92	72	82	85	91	73	59	70	97	73	69	76	61	95	100	56	73	85	64	70	87	51	65	59	91	64	86	70	90	86	79	82	90	50	82	67	74	75	77	66	93	57	70	69	93	52	73	89	64	99	100	100	87	67	90	60	80	77	62	60	79	76	88	81	100	90	78	57	55	76	62	79	67	84	53	93	94	66	57	87	83	70	79	78	75	81	97	81	63	52	81	
67	51	58	81	71	78	87	69	68	69	0	79	71	55	66	84	78	94	77	99	53	74	55	100	78	85	56	74	53	72	96	72	93	100	78	56	93	59	83	83	99	73	58	57	64	99	80	93	53	97	98	73	64	73	71	94	60	69	88	91	84	86	84	66	58	85	96	58	50	58	59	60	84	84	76	66	73	66	54	94	72	57	83	98	94	83	60	58	50	58	55	68	78	99	62	51	51	95	95	96	77	58	74	91	97	
79	77	74	88	66	58	76	69	92	99	50	0	73	95	93	62	87	92	71	86	70	76	76	54	70	89	63	65	59	88	81	82	66	57	59	73	77	58	97	70	51	58	78	100	57	67	65	68	58	66	69	82	80	51	67	53	77	75	64	62	72	83	66	50	99	55	66	98	67	58	100	55	52	99	90	61	55	62	72	62	64	78	94	93	84	78	88	96	93	88	61	100	63	69	65	88	100	89	71	82	73	55	59	94	75	
97	95	64	82	99	77	92	52	59	99	89	94	0	76	69	99	59	61	80	95	78	54	89	89	86	52	95	53	100	63	75	85	88	98	85	96	58	91	64	74	96	85	70	58	96	60	77	69	63	91	62	83	67	76	73	80	84	51	91	69	77	99	88	90	88	73	70	62	85	60	83	70	64	67	65	85	98	89	96	51	99	52	70	58	90	50	80	96	55	77	53	78	69	74	69	70	78	97	85	80	50	64	69	88	78	
78	63	55	58	68	91	63	59	71	83	77	53	73	0	55	75	56	61	72	68	100	95	67	72	90	100	65	79	78	57	75	75	87	54	61	58	69	69	63	58	93	62	95	90	99	62	64	78	86	76	74	67	93	71	51	96	98	79	100	70	79	91	70	52	77	56	79	99	84	60	78	92	64	65	99	100	79	66	76	54	91	84	80	60	60	58	64	60	90	94	90	54	58	62	88	76	69	94	66	80	89	100	98	91	89	
85	92	82	89	70	79	71	90	74	85	91	78	65	79	0	95	71	63	73	50	83	54	78	84	84	88	83	100	64	89	50	54	53	97	60	89	62	64	87	65	74	96	97	95	62	88	84	73	74	60	75	95	92	98	99	96	57	63	70	89	89	89	73	71	82	83	87	92	63	89	59	56	90	100	53	71	92	82	98	71	98	90	69	62	92	52	61	54	93	52	98	92	94	76	88	100	71	60	70	55	68	54	60	69	92	
95	99	91	71	91	86	73	71	80	80	84	100	87	50	81	0	95	84	66	62	73	84	63	57	85	80	85	53	94	60	61	87	90	98	86	87	59	60	51	92	88	61	71	63	84	92	52	81	82	73	55	86	50	71	77	55	82	72	51	62	66	82	69	77	89	54	88	52	59	73	92	67	68	93	90	64	91	85	95	94	71	59	78	77	67	86	99	62	57	62	90	91	70	94	80	51	88	74	99	68	87	58	94	65	84	
57	64	96	51	80	98	92	78	60	51	79	82	57	53	65	79	0	60	51	88	53	64	89	69	65	68	99	81	85	67	57	76	78	85	85	91	73	87	58	66	50	72	91	97	78	78	79	100	87	55	76	72	74	77	79	57	87	76	67	79	51	96	88	75	70	73	58	85	51	85	58	62	98	87	91	64	66	83	92	71	72	72	53	69	82	76	60	87	85	76	68	75	56	71	91	51	77	55	87	82	78	76	86	76	86	
99	85	98	69	82	59	74	65	85	85	93	75	90	59	72	61	51	0	94	67	73	84	59	80	68	91	71	52	93	57	97	93	91	51	99	64	87	55	92	89	50	90	80	50	77	81	51	65	79	66	83	91	87	87	85	56	88	66	50	55	79	95	60	81	62	94	54	69	80	90	69	83	90	53	100	80	99	66	94	62	74	58	94	86	52	53	90	59	52	62	84	59	83	67	63	66	51	99	61	83	61	97	53	90	64	
83	69	59	87	63	77	51	64	74	97	99	79	95	67	94	50	59	65	0	76	91	61	77	59	59	82	95	75	64	57	67	59	85	54	52	68	62	65	79	69	67	94	64	96	66	88	83	90	97	76	90	91	65	79	66	55	53	85	59	72	76	66	77	100	81	50	100	76	82	81	59	64	58	72	97	57	70	94	59	88	90	94	92	66	79	80	54	91	55	71	87	66	83	75	75	95	58	73	63	70	73	98	98	74	58	
84	76	96	80	70	87	100	67	69	99	92	55	56	55	90	90	89	69	67	0	62	54	51	56	85	86	54	79	97	79	80	100	79	53	63	69	63	62	91	100	64	56	52	82	79	83	77	67	96	94	53	58	93	74	98	54	80	56	72	56	70	56	83	71	84	63	74	79	89	59	61	57	82	80	74	54	51	67	90	96	71	97	63	62	70	90	57	79	80	91	84	76	91	83	78	69	88	59	56	78	79	85	80	63	89	
55	69	52	56	52	58	90	67	64	92	61	56	75	63	65	64	55	76	57	99	0	96	85	65	61	83	58	60	85	55	54	51	56	59	61	93	93	64	68	74	60	83	85	52	88	61	50	95	62	86	59	53	94	82	52	79	97	97	95	68	66	77	58	99	58	86	100	58	82	83	97	53	89	59	72	75	56	75	67	69	68	82	86	97	89	50	94	75	71	70	83	77	81	69	74	97	89	89	63	89	54	83	78	96	65	
53	57	74	86	50	88	81	53	81	85	75	100	89	79	89	51	65	73	99	71	57	0	68	92	80	59	79	91	52	73	89	70	72	66	65	96	65	76	81	57	62	98	100	75	95	75	50	64	100	96	51	52	52	96	57	77	97	65	64	68	54	98	72	83	72	79	98	76	75	68	85	77	71	52	90	55	98	79	84	82	55	91	53	82	76	58	69	87	83	84	55	87	80	97	60	53	79	68	99	58	91	63	96	78	52	
74	100	85	56	91	74	50	60	53	71	50	55	99	71	80	96	66	51	90	81	61	70	0	73	60	69	82	100	79	62	71	85	60	63	98	51	68	74	56	85	61	64	56	78	84	86	86	90	63	70	100	57	60	56	57	92	53	64	81	79	67	98	68	75	57	63	76	79	94	65	98	50	93	61	96	63	98	62	95	55	68	76	50	71	66	64	79	92	97	97	94	55	96	76	93	56	56	82	57	85	82	94	94	63	81	
51	76	98	68	97	78	99	65	87	79	73	59	58	89	78	77	67	51	74	88	99	74	92	0	57	51	68	93	68	87	83	66	67	62	56	91	67	55	96	59	76	61	76	60	59	53	75	100	75	76	68	68	66	64	81	73	100	75	94	97	92	72	51	63	86	57	98	94	81	97	91	96	98	51	69	58	63	64	64	77	61	50	57	51	55	81	60	57	58	81	78	69	80	73	85	87	65	57	95	55	82	99	80	56	82	
56	97	95	51	80	84	51	80	61	91	58	65	53	58	74	91	84	75	57	76	96	72	61	74	0	91	61	64	83	60	61	66	54	68	50	94	93	60	85	75	63	76	98	55	64	78	60	55	95	93	81	50	92	61	51	93	95	82	82	50	94	62	54	62	93	72	76	80	74	88	50	63	58	94	78	92	99	75	85	81	85	51	63	59	71	100	61	57	71	59	55	67	71	84	73	65	82	69	88	74	71	82	78	53	72	
73	80	81	74	99	61	57	76	71	99	100	71	91	84	77	60	65	89	97	59	51	57	65	87	66	0	100	89	72	51	83	83	58	55	62	89	76	72	76	57	83	80	57	92	96	80	86	60	53	74	69	85	93	70	62	95	62	58	89	97	91	78	77	74	52	77	89	80	96	58	51	86	76	70	52	50	53	52	55	99	69	62	50	68	71	91	97	66	77	67	95	82	77	68	61	57	96	52	61	81	61	78	59	71	59	
82	89	85	51	62	77	92	73	82	99	87	96	67	79	99	99	80	82	51	75	78	88	64	69	75	72	0	97	50	66	88	100	71	54	50	94	73	74	72	67	84	51	78	65	70	89	75	77	65	78	94	69	67	57	94	100	55	63	50	79	94	81	54	91	96	99	88	60	93	58	100	83	67	89	61	78	78	66	54	78	60	70	97	56	75	55	68	79	88	69	84	55	72	97	78	97	86	83	85	51	90	63	93	56	90	
56	73	88	75	50	76	81	50	64	72	59	97	97	89	72	75	53	54	81	98	51	86	71	75	70	54	63	0	62	68	94	58	74	54	53	98	63	69	59	81	100	60	79	73	58	68	50	88	67	54	73	85	99	61	82	59	96	91	93	62	50	78	73	63	76	72	95	52	68	96	76	82	51	99	53	68	77	93	72	99	73	93	50	94	93	50	55	68	50	81	83	87	82	63	80	74	52	57	88	75	96	65	94	99	55	
79	57	86	72	89	94	87	86	70	91	91	92	76	70	79	72	87	87	63	98	87	85	71	71	93	51	55	95	0	71	64	94	62	85	83	71	50	81	74	66	56	76	70	71	74	90	67	93	52	50	70	78	81	91	71	68	71	90	55	74	74	74	79	50	54	66	69	62	82	98	59	72	53	81	80	94	95	90	91	52	90	54	57	70	60	53	65	89	81	61	99	78	95	78	88	82	61	61	71	75	55	87	72	97	89	
56	89	92	52	98	91	59	78	56	53	77	63	57	79	99	82	54	96	57	88	94	75	71	98	56	89	90	98	57	0	63	96	89	71	54	73	71	87	83	90	83	81	65	78	100	84	62	88	50	80	68	92	59	60	83	95	81	65	86	66	89	73	56	57	60	91	93	64	90	94	84	90	88	61	89	79	89	96	100	99	96	91	85	94	71	96	51	82	75	92	63	78	75	89	50	76	64	82	91	53	91	71	77	84	75	
68	98	75	66	81	97	98	74	72	76	52	56	86	63	56	88	90	93	73	84	60	67	73	79	90	96	58	79	100	54	0	83	67	72	60	70	91	82	72	52	64	61	68	65	76	59	67	62	92	90	77	73	69	100	54	58	55	59	63	95	78	88	95	64	95	58	62	88	91	91	92	56	72	97	87	89	61	67	79	79	94	59	84	79	72	100	59	85	79	90	72	63	73	72	71	90	67	57	96	83	56	89	57	66	98	
77	69	56	97	69	87	58	78	100	94	99	59	58	94	69	61	91	96	54	77	63	64	96	90	63	64	52	61	69	97	89	0	61	77	67	80	84	73	74	78	60	89	81	72	96	78	63	64	89	53	90	77	58	92	90	78	90	63	94	95	65	92	73	80	95	95	94	75	96	64	89	89	88	58	99	67	63	85	89	100	92	80	77	56	75	69	70	61	67	100	100	57	72	91	78	93	98	96	63	66	100	50	54	58	97	
51	94	84	86	85	51	100	72	65	54	93	54	54	95	73	65	99	54	75	66	84	87	70	59	98	81	53	99	57	76	89	60	0	97	62	92	53	54	75	79	52	76	72	72	59	54	81	80	76	69	84	69	77	53	85	76	95	95	96	75	67	55	96	52	77	64	100	60	88	100	65	80	93	62	60	89	97	54	98	96	57	72	83	62	72	92	86	75	63	62	74	84	92	100	98	71	79	74	79	84	55	82	84	65	88	
85	93	66	87	64	64	83	67	82	51	56	74	83	66	65	68	57	79	89	91	82	70	87	63	73	83	75	53	93	74	65	93	77	0	61	70	100	80	81	94	55	53	85	57	70	90	90	59	66	80	95	54	79	52	76	95	87	86	76	54	92	88	73	98	75	69	56	71	96	71	98	52	63	73	56	55	75	89	58	90	91	76	62	82	60	79	67	50	88	81	76	96	86	93	82	74	56	87	50	50	59	55	76	61	67	
54	97	52	74	59	74	68	79	67	75	58	64	99	51	73	93	61	77	66	93	88	67	89	85	77	78	69	66	100	71	62	76	78	86	0	64	82	59	74	98	58	96	91	96	85	80	79	65	57	78	70	61	98	93	65	83	67	88	100	91	80	100	89	59	84	93	88	74	62	89	98	80	57	53	76	77	98	54	81	97	52	61	91	61	86	70	74	99	68	75	63	70	93	56	58	92	87	75	100	95	86	66	100	59	63	
95	63	95	95	59	55	59	68	70	92	50	87	79	99	95	86	69	80	61	97	88	63	89	55	69	79	68	65	52	56	50	71	68	57	55	0	90	64	85	58	94	76	60	55	65	59	59	52	74	85	56	58	89	89	70	88	60	69	83	68	50	55	64	55	76	69	69	60	100	64	71	62	87	76	50	53	81	77	73	97	65	96	72	93	59	65	91	91	60	80	71	68	53	61	66	88	67	92	59	86	91	50	85	54	96	
95	80	80	72	50	90	73	64	75	82	97	79	90	75	53	68	64	72	95	97	84	51	67	50	78	97	58	89	89	66	67	84	58	74	82	57	0	83	100	73	98	66	76	75	91	78	93	83	67	85	53	57	72	72	77	80	79	75	65	100	70	80	65	53	71	89	86	87	93	80	81	87	79	63	70	57	98	79	71	63	90	91	60	70	63	54	74	51	100	91	77	55	88	56	76	68	62	96	91	69	69	59	60	99	97	
86	99	86	74	76	78	78	83	53	57	54	94	92	100	83	76	68	89	85	54	90	60	93	62	97	58	50	98	77	97	58	85	91	51	55	87	57	0	51	54	74	98	81	90	54	100	99	69	66	96	90	100	52	78	94	61	58	70	64	100	73	52	82	61	65	94	57	90	62	57	70	74	56	98	60	70	70	69	64	70	87	74	90	80	63	59	87	91	75	89	56	70	54	68	57	57	57	98	93	81	70	97	89	54	77	
88	77	81	86	56	92	78	58	67	80	61	61	62	57	90	82	84	83	88	90	60	86	52	59	62	83	75	53	89	52	72	90	96	75	96	64	100	55	0	56	90	61	51	80	64	74	88	57	88	83	85	77	75	61	76	75	72	78	65	54	54	69	81	57	92	52	60	66	84	95	68	88	55	67	54	64	85	98	68	57	54	81	97	64	54	67	65	74	53	53	99	97	85	99	85	87	61	75	71	89	79	92	81	63	67	
75	70	61	60	66	86	51	55	58	87	74	73	54	94	74	51	76	96	91	69	60	77	63	79	82	77	98	86	57	78	81	73	97	63	68	86	52	62	80	0	94	91	68	85	93	54	99	100	70	83	67	52	74	98	73	57	82	72	51	73	83	67	66	69	82	93	83	79	84	69	69	77	95	52	98	68	92	94	70	66	92	52	91	52	94	70	61	90	94	72	56	70	55	65	66	64	71	92	79	51	84	54	86	65	71	
100	74	55	95	80	72	91	56	93	64	77	60	84	93	96	50	92	92	54	91	74	100	59	82	94	76	54	72	93	67	87	61	93	50	52	64	87	85	91	59	0	86	56	71	79	98	62	86	88	86	56	84	99	81	88	54	90	56	53	67	84	83	61	58	72	95	88	80	60	76	86	50	67	82	51	51	89	92	87	80	60	82	76	54	78	63	55	90	94	53	65	75	60	52	83	53	64	66	91	59	89	78	70	66	83	
65	55	74	74	74	91	89	99	100	73	78	52	94	50	60	79	76	85	54	55	67	72	63	68	71	97	87	50	71	92	100	50	99	58	69	57	71	84	61	86	88	0	68	99	83	53	99	84	50	79	67	60	56	99	77	93	67	73	93	95	60	71	98	52	92	76	87	90	89	62	79	58	94	100	54	61	78	67	67	76	85	76	68	88	61	58	61	81	97	91	58	94	97	86	59	87	81	76	53	98	85	53	65	75	88	
94	75	86	76	76	55	68	51	97	84	92	94	93	94	79	97	85	76	78	92	85	99	74	62	50	75	59	75	58	88	70	68	62	97	75	83	98	68	79	75	91	100	0	98	55	83	63	61	52	82	91	72	98	95	75	66	87	92	78	95	80	70	60	61	70	71	94	79	89	77	82	74	76	53	87	89	69	52	77	92	94	94	79	68	58	91	81	83	87	72	60	54	86	91	89	75	63	82	65	94	80	96	54	67	84	
65	85	58	94	97	99	65	97	81	54	75	52	61	72	92	98	78	64	97	60	57	61	81	95	89	81	66	70	94	53	54	87	57	79	98	52	53	67	52	77	81	97	55	0	90	97	70	86	53	53	73	51	74	68	97	99	66	81	90	82	76	99	83	61	80	59	94	61	75	57	78	89	71	61	82	62	55	82	75	61	94	71	97	76	53	84	77	90	64	94	62	80	64	69	56	66	61	75	95	58	57	98	97	74	85	
56	98	86	94	65	76	53	95	77	63	96	80	64	61	82	88	83	81	71	78	61	54	95	100	89	78	69	56	60	72	85	56	86	93	87	60	82	88	82	99	67	57	72	83	0	63	70	67	94	82	100	81	94	66	51	50	89	51	66	91	97	50	73	59	98	94	66	77	65	63	92	97	72	70	70	75	73	72	75	58	94	84	61	98	69	71	59	64	61	95	85	92	90	50	76	69	64	96	100	66	58	75	87	81	82	
56	91	78	87	50	59	56	61	88	75	79	77	83	98	92	75	62	53	59	60	69	95	52	93	92	88	50	54	75	53	86	65	95	57	96	61	57	91	73	50	94	66	99	92	89	0	79	89	78	92	55	81	64	64	71	54	100	89	68	80	68	73	74	89	59	81	61	81	69	52	77	80	73	89	62	62	73	55	96	64	88	52	75	70	70	74	81	93	95	80	87	63	89	61	69	99	68	52	67	91	85	80	87	93	75	
75	85	97	87	68	55	79	66	99	52	53	52	65	78	61	67	61	79	96	84	58	56	69	84	87	97	64	77	83	79	71	71	55	77	50	96	58	78	100	62	88	99	55	72	53	66	0	65	97	66	86	51	55	50	71	76	95	76	98	68	71	66	51	64	59	77	71	100	97	90	55	82	70	62	59	62	88	79	97	56	60	59	82	54	52	76	93	80	89	79	83	94	85	86	98	60	84	84	53	73	85	85	100	63	58	
54	93	74	69	76	94	97	54	53	83	85	56	99	55	69	83	98	85	81	88	62	70	53	96	56	95	93	81	88	72	58	97	86	73	54	57	97	96	80	53	52	84	62	96	58	91	88	0	99	57	78	85	76	52	58	96	99	91	70	86	92	77	61	54	65	71	76	76	81	56	53	52	61	94	51	53	75	92	68	65	68	92	59	56	56	61	82	88	84	67	72	80	54	56	67	83	72	71	77	71	70	89	94	52	63	
78	67	54	82	73	72	99	54	54	60	94	92	68	75	83	70	66	54	75	74	84	93	70	75	91	78	96	100	67	80	80	63	66	74	59	80	62	91	81	66	63	58	54	80	80	93	99	58	0	51	78	77	54	98	52	90	88	76	63	61	89	74	76	63	75	96	80	51	86	65	53	86	60	94	100	61	62	91	77	64	50	61	98	68	95	97	100	81	83	98	53	78	62	54	60	71	51	97	67	57	74	52	94	98	86	
80	93	88	74	51	73	56	89	89	62	83	64	90	95	51	95	92	90	75	99	95	62	70	96	77	58	98	50	58	62	72	69	69	66	50	59	68	54	68	56	77	99	83	99	96	83	87	57	87	0	98	54	69	58	100	74	97	80	56	79	74	66	95	84	99	52	52	94	62	71	85	91	89	88	71	94	70	59	54	78	51	79	76	98	58	87	84	87	75	61	93	52	67	85	52	93	53	75	98	87	84	53	76	88	79	
86	65	87	69	65	73	99	93	94	92	100	76	64	100	74	86	72	82	88	56	53	72	53	74	86	62	71	69	99	81	77	60	86	82	82	71	56	73	85	68	50	79	82	86	66	73	79	76	78	96	0	67	68	59	92	75	93	76	83	65	75	73	58	81	55	62	84	78	84	51	64	91	58	78	75	66	53	79	56	64	85	91	85	92	65	86	69	62	97	91	81	63	76	97	53	100	65	60	83	72	84	71	91	53	94	
80	59	74	71	87	85	91	66	96	67	65	50	54	94	95	84	81	98	61	97	92	66	72	64	83	87	65	81	58	87	89	98	69	64	84	92	76	91	93	80	79	73	67	79	82	55	94	84	98	100	94	0	68	58	83	50	66	98	56	91	85	92	79	83	92	99	100	95	79	81	81	62	71	68	87	58	97	69	54	79	69	61	97	61	100	98	61	78	54	57	63	74	59	92	64	85	95	89	89	51	70	76	81	70	50	
83	85	91	77	70	73	53	54	74	94	62	95	80	81	67	63	63	99	75	84	71	52	72	64	91	94	89	100	70	95	73	67	97	81	70	55	77	82	76	98	73	93	50	61	90	73	79	59	99	69	50	63	0	83	76	71	58	58	84	58	68	95	88	59	52	59	76	69	79	97	60	57	55	55	59	52	88	61	97	85	96	71	98	79	84	69	52	82	62	52	67	71	94	78	95	61	51	61	79	62	68	81	63	91	72	
75	68	93	58	84	56	60	77	59	58	93	53	79	72	55	69	89	73	74	78	58	50	63	85	80	72	76	95	80	88	51	71	90	95	88	74	64	76	54	98	50	93	85	78	97	56	87	60	64	100	95	87	65	0	69	81	81	66	90	66	90	75	65	67	91	68	99	58	98	86	92	62	86	93	78	56	79	77	91	71	90	85	83	93	67	66	59	67	94	83	53	71	79	74	83	97	74	53	75	86	73	51	63	76	93	
63	61	82	74	67	66	81	81	55	89	91	64	96	88	62	86	91	72	61	94	52	51	67	53	62	81	89	63	95	77	98	87	53	60	98	99	99	91	75	55	86	80	96	53	50	79	75	96	97	95	55	51	93	92	0	77	50	50	98	53	71	71	81	55	76	54	60	87	90	67	93	88	67	88	98	60	55	97	82	77	66	64	65	72	88	81	93	72	74	53	96	62	95	55	80	84	85	67	76	69	87	75	74	74	98	
53	63	69	93	96	55	67	80	65	52	57	80	97	84	99	72	84	94	55	70	79	54	64	98	67	100	81	99	82	75	86	95	55	58	91	89	88	87	52	92	99	74	71	66	52	98	76	56	83	100	76	60	81	75	55	0	74	80	87	90	53	55	85	64	70	64	54	57	58	72	93	76	77	57	89	79	67	100	99	78	62	72	74	61	63	78	54	59	50	90	98	53	86	71	88	93	81	61	50	99	99	77	78	65	67	
75	97	96	85	57	57	69	100	87	83	96	90	59	87	81	86	75	56	82	61	95	94	94	52	80	88	55	63	98	80	61	70	99	74	100	90	79	80	97	85	69	76	96	99	74	81	52	84	65	61	57	74	89	64	85	51	0	100	69	59	68	98	94	51	90	73	76	86	71	74	60	65	74	93	74	70	91	77	54	67	60	97	67	56	56	76	54	78	70	93	79	99	65	57	94	54	99	89	56	77	99	92	74	65	77	
95	64	84	63	74	82	95	82	81	59	81	75	75	82	88	82	58	69	75	96	90	66	88	87	60	61	55	93	94	65	66	97	62	68	68	94	79	74	57	71	58	66	88	52	91	87	63	82	75	62	92	57	75	65	94	91	67	0	94	99	81	96	70	96	58	95	96	90	98	73	53	91	77	72	94	60	52	99	99	99	88	78	87	98	64	69	94	93	74	73	58	91	72	74	60	83	63	91	55	68	88	67	100	80	64	
95	89	59	76	78	80	56	85	90	70	51	69	68	71	60	60	99	55	83	56	51	98	84	97	71	56	60	55	63	65	65	75	52	50	65	59	89	69	60	82	60	52	77	94	76	75	91	93	53	58	90	97	83	54	100	60	57	72	0	55	63	100	82	93	83	77	61	58	85	67	90	71	78	79	98	82	50	51	81	83	61	79	93	89	82	74	59	75	92	87	83	77	62	66	70	59	85	99	73	63	93	100	52	80	76	
81	55	66	69	69	67	85	80	82	91	56	89	75	98	71	61	94	90	62	75	90	74	88	66	66	62	53	50	53	84	62	94	59	77	69	97	77	77	95	63	100	91	58	74	62	77	58	67	90	60	69	93	71	62	98	90	66	54	61	0	57	95	79	79	70	100	94	82	97	86	53	69	84	66	100	75	56	72	76	92	63	77	86	92	74	52	95	86	86	71	53	73	51	50	54	81	55	62	71	63	89	77	94	72	61	
93	89	81	80	97	50	66	76	73	89	56	73	95	94	95	78	89	65	94	74	69	85	62	61	78	85	96	82	59	78	54	64	88	90	97	53	52	55	91	66	75	71	68	89	94	57	51	65	71	70	58	72	97	82	60	63	86	64	65	66	0	69	73	94	59	58	98	52	85	94	77	79	61	99	93	76	78	63	58	61	73	58	58	83	97	81	93	94	87	66	78	89	83	88	69	85	86	87	82	69	81	58	92	53	82	
69	61	88	71	51	75	90	79	80	71	55	81	62	100	65	62	96	72	87	80	62	93	59	67	62	75	54	90	81	62	93	74	51	61	72	95	91	52	80	99	51	76	81	91	57	81	94	57	85	51	96	94	63	92	91	50	90	69	83	61	66	0	56	58	80	83	69	94	100	68	50	62	83	89	67	57	86	86	94	52	80	60	83	85	86	58	77	75	98	63	57	92	73	53	73	57	74	65	51	94	53	73	96	88	95	
82	63	90	54	63	94	93	63	51	66	92	82	78	80	95	80	52	57	93	50	66	86	74	82	75	72	55	80	58	57	71	74	63	80	98	50	54	74	91	97	60	54	90	94	80	83	53	72	59	65	54	77	82	78	95	66	97	60	94	51	69	82	0	61	57	78	53	93	88	72	61	57	85	75	66	85	54	63	66	50	62	68	52	50	78	88	56	78	68	86	67	72	79	51	94	57	82	100	83	69	98	55	69	91	70	
78	58	63	70	70	77	56	63	96	99	93	61	80	83	98	86	80	57	68	56	60	60	50	70	56	79	65	97	60	72	69	53	97	53	52	88	76	75	60	62	91	52	94	95	73	54	50	88	52	85	92	76	66	99	82	66	55	60	80	85	82	81	55	0	58	66	78	60	89	60	68	62	100	94	97	96	60	88	98	64	99	59	71	85	83	80	61	96	73	78	72	80	62	59	99	52	50	74	56	99	78	70	50	94	95	
62	64	97	52	100	75	51	60	99	92	62	68	75	71	90	95	61	63	71	85	72	93	56	60	62	60	94	96	85	53	74	61	94	69	84	92	86	67	65	81	61	64	99	97	88	97	83	74	57	83	55	50	69	60	67	75	56	89	67	84	94	69	81	75	0	99	55	98	99	66	76	86	96	68	52	64	59	53	59	56	72	97	53	94	54	69	57	91	83	83	85	90	55	94	51	88	73	100	63	89	83	94	53	54	61	
62	65	75	66	53	79	93	51	75	63	75	74	55	93	50	98	90	91	67	59	70	53	89	61	93	64	65	93	76	86	94	61	87	80	100	68	59	98	94	56	94	62	88	78	84	92	86	51	62	92	66	76	64	64	94	91	96	59	62	77	87	59	56	70	96	0	86	79	87	57	75	79	79	91	86	87	96	60	68	75	83	71	77	71	98	76	96	80	76	59	89	93	83	98	50	94	89	52	91	78	82	79	83	76	83	
79	51	69	85	73	98	96	51	75	71	100	53	97	60	97	86	93	51	96	69	63	51	85	59	56	61	55	67	54	69	69	66	82	96	74	97	97	65	67	75	84	84	82	68	98	64	51	63	61	84	85	65	91	55	58	93	58	56	79	64	57	87	88	57	100	57	0	82	98	51	55	94	79	88	88	95	58	54	82	54	76	94	90	86	58	62	52	55	96	65	90	89	63	90	86	99	88	99	83	71	56	85	98	59	100	
54	81	58	100	81	85	50	93	94	58	84	62	96	50	68	98	69	89	94	77	97	78	87	54	94	73	75	99	77	100	65	53	54	66	74	91	98	74	78	50	89	72	62	62	51	65	75	81	89	51	96	78	64	67	63	88	80	58	50	75	72	82	92	96	89	86	91	0	99	96	63	64	63	72	95	58	75	54	97	66	77	100	61	79	59	65	72	68	59	75	68	84	93	63	57	56	67	83	93	66	97	54	79	61	73	
74	89	50	61	90	93	84	67	93	83	74	57	90	82	84	91	84	93	99	57	94	76	54	56	65	83	63	97	79	99	57	82	55	83	91	55	67	86	59	59	83	54	67	68	85	64	60	96	100	69	79	86	100	71	96	57	52	91	63	61	92	67	75	55	94	77	65	70	0	66	65	77	91	69	67	97	97	100	97	59	63	51	100	100	66	77	69	71	78	53	58	99	82	82	71	70	99	69	56	67	73	92	73	87	76	
86	57	87	87	60	82	94	100	76	97	78	80	73	92	84	54	65	89	93	72	74	53	63	95	86	99	60	64	69	86	77	77	88	74	72	57	82	91	62	89	93	52	65	96	63	76	66	71	50	89	95	54	54	92	70	91	90	81	54	97	92	100	94	54	56	63	94	71	80	0	62	97	57	81	90	86	69	53	90	59	87	93	83	89	80	75	70	84	79	92	84	88	67	81	64	75	98	64	50	94	92	63	95	90	85	
93	57	83	69	57	74	50	78	56	85	100	61	55	74	88	80	89	88	61	54	57	80	65	73	95	79	76	97	68	62	66	56	58	75	97	65	78	52	88	73	100	59	99	51	91	83	86	57	94	57	68	80	80	70	70	59	76	61	83	89	53	94	64	90	76	88	53	97	72	95	0	80	59	78	75	59	51	81	52	80	69	84	78	51	95	89	98	53	83	76	99	54	76	78	66	59	51	53	69	65	83	60	64	51	58	
76	51	71	96	60	98	68	78	81	60	92	88	93	73	88	81	51	68	50	81	54	64	85	85	76	50	87	78	50	81	84	59	76	100	61	61	83	81	75	50	64	78	68	71	72	50	100	99	93	50	94	98	99	61	100	76	63	100	74	97	82	65	90	56	79	58	90	70	100	94	50	0	84	79	50	73	100	89	100	69	99	61	89	61	98	75	97	57	73	92	99	51	55	70	85	77	53	95	87	98	100	81	75	81	85	
89	95	79	82	77	64	68	59	68	93	77	63	75	72	73	80	90	85	54	60	86	50	59	66	50	63	74	95	84	87	94	95	79	78	50	91	62	72	79	62	82	90	75	67	70	71	95	66	90	94	88	97	60	77	64	60	90	90	59	68	84	53	58	75	89	53	98	64	80	93	56	75	0	82	79	52	83	57	69	93	60	80	50	99	72	63	57	97	52	55	79	73	50	94	72	90	55	82	87	78	70	50	88	83	72	
94	99	94	99	51	92	89	64	78	94	85	97	63	80	91	74	85	61	89	86	58	55	75	84	52	77	81	84	66	87	69	50	84	59	72	99	89	66	55	80	87	89	79	90	55	97	94	97	72	97	83	82	87	56	72	68	96	94	90	66	67	66	66	79	52	83	58	95	58	84	80	53	61	0	91	58	66	98	55	80	98	54	97	80	68	56	56	85	50	77	77	50	83	58	100	59	67	69	77	72	96	72	95	77	60	
83	66	99	87	86	78	50	51	53	52	100	85	78	82	68	62	93	54	89	88	75	74	80	95	88	59	54	53	64	86	57	55	60	70	64	83	73	52	75	69	97	76	62	86	80	89	56	99	91	70	70	97	98	79	84	90	70	100	80	99	98	100	50	79	100	83	69	51	76	70	67	73	70	51	0	100	54	55	58	71	89	67	60	72	83	64	50	81	58	94	92	75	50	77	52	80	84	52	59	53	81	83	76	94	64	
64	94	92	59	95	50	52	99	96	71	70	72	100	59	89	78	59	94	57	53	83	89	66	74	59	87	78	89	86	98	69	90	59	63	53	95	77	70	52	76	55	98	88	91	68	56	79	71	82	83	64	73	58	78	53	71	54	63	93	50	73	54	76	84	60	86	80	78	52	60	81	92	62	79	68	0	57	95	69	81	85	99	82	51	93	81	57	86	72	80	60	72	67	86	64	66	96	71	99	64	92	67	59	76	94	
86	67	91	57	80	70	68	99	58	75	88	67	76	96	67	52	76	72	58	60	64	91	52	88	80	68	62	85	61	64	66	96	100	66	78	95	91	71	85	77	81	50	83	98	72	88	62	55	74	55	72	75	50	58	88	65	51	93	62	71	60	57	95	99	53	50	68	92	76	62	79	91	88	53	54	92	0	87	64	80	60	82	65	80	68	97	67	85	82	60	53	100	67	83	50	66	95	93	51	88	68	50	68	79	92	
77	98	94	56	87	77	94	64	98	56	55	76	99	53	52	81	73	68	80	68	91	90	83	99	91	81	93	61	62	64	99	63	69	68	79	84	89	93	68	79	68	97	53	72	97	69	94	86	85	71	80	54	75	84	50	87	76	64	52	95	64	52	62	58	55	82	93	91	76	61	54	54	52	85	78	87	53	0	64	88	95	80	73	89	99	62	94	69	50	60	82	51	51	68	82	77	95	90	58	55	59	88	87	51	74	
67	86	75	84	54	63	75	81	54	81	78	82	74	59	78	52	97	92	67	78	64	73	84	84	95	97	93	62	100	70	52	86	58	76	90	62	95	99	99	61	74	80	94	74	80	85	63	53	89	84	73	100	67	64	73	94	73	57	87	83	85	81	81	99	62	56	52	81	79	91	95	95	86	73	64	88	86	64	0	54	76	91	82	69	80	92	98	58	92	62	75	74	54	51	58	84	100	99	52	74	54	61	82	58	87	
89	58	95	67	58	74	100	90	66	100	95	63	93	86	93	76	64	99	84	73	56	81	89	53	92	93	84	78	95	86	89	81	65	64	72	63	98	72	54	95	93	93	88	81	100	68	60	77	83	61	73	69	95	99	82	73	80	71	54	83	78	70	66	88	77	58	90	87	75	86	85	76	100	83	63	100	73	100	100	0	68	53	87	61	67	55	58	85	59	93	98	57	96	80	95	84	75	94	61	71	95	60	63	99	80	
94	91	53	52	76	76	76	57	51	71	100	81	51	70	67	60	83	98	100	79	82	73	52	91	98	70	51	93	59	99	61	61	81	98	92	88	98	83	79	61	71	100	92	92	94	79	66	67	90	61	82	60	100	65	62	69	51	92	90	50	66	85	55	66	80	78	100	65	97	74	56	98	86	94	79	57	93	56	72	67	0	50	56	61	86	87	60	68	51	62	64	86	68	70	75	55	89	52	54	59	58	77	99	91	96	
85	61	71	78	58	81	93	86	93	58	71	79	85	63	86	94	86	73	83	88	53	80	59	58	52	76	92	62	90	55	85	69	94	63	53	51	53	68	71	71	73	79	60	62	96	95	60	91	80	97	68	50	94	74	72	63	70	56	99	66	60	63	54	76	100	70	89	78	97	92	65	85	58	87	97	54	83	59	91	73	79	0	80	64	90	57	91	97	80	76	51	93	68	70	75	52	58	84	78	84	95	89	62	85	65	
66	73	63	95	76	56	53	58	66	81	96	59	99	89	89	58	50	100	55	76	95	78	59	68	100	54	86	89	75	61	75	55	74	91	54	88	52	64	85	99	88	89	87	63	66	65	100	65	81	53	53	86	59	90	86	86	69	100	73	92	58	50	51	72	63	82	67	96	58	89	63	91	51	64	84	76	95	64	51	61	94	76	0	97	65	95	83	65	58	95	78	99	60	67	91	74	80	86	83	96	100	93	79	89	92	
89	70	97	89	82	55	71	100	80	51	86	93	76	92	93	66	83	88	59	95	63	100	91	79	94	99	78	73	84	82	72	71	100	54	72	65	95	84	71	100	76	89	56	65	69	82	63	73	94	74	53	92	98	77	66	84	79	56	89	98	80	67	98	100	76	78	62	79	80	50	70	68	86	77	55	77	60	85	82	50	91	83	92	0	58	58	96	100	53	96	82	72	64	70	59	65	79	88	67	87	85	79	98	91	50	
56	59	50	57	77	91	52	62	90	72	76	88	98	88	57	50	86	100	79	100	52	73	88	72	52	92	64	79	87	69	53	62	92	53	51	67	89	74	52	77	88	79	54	63	77	97	88	98	99	87	75	62	80	51	81	95	99	60	68	82	82	52	69	66	56	71	76	57	86	97	69	56	55	84	88	56	70	99	82	87	81	79	73	62	0	84	100	67	76	61	57	51	53	65	61	73	68	85	71	51	73	76	95	88	58	
86	99	93	77	66	51	76	96	93	53	80	68	73	74	63	58	51	97	57	60	96	65	92	95	88	88	68	99	93	97	58	60	51	92	91	99	92	74	60	54	97	80	97	93	95	93	51	57	82	51	72	68	74	89	70	100	51	96	89	95	86	57	99	68	72	85	97	56	58	62	68	88	81	64	67	94	67	65	79	70	89	77	97	86	61	0	53	74	62	80	77	91	68	99	63	77	83	70	53	100	77	74	78	88	97	
73	51	78	61	59	65	77	57	81	52	72	63	55	58	67	72	60	59	95	74	75	65	56	77	61	70	84	98	99	59	87	73	94	80	81	60	75	99	65	74	57	95	86	67	51	52	91	73	64	100	72	89	79	74	99	66	56	72	50	99	99	56	72	94	100	89	82	96	76	98	79	57	67	68	94	60	85	92	53	77	83	52	96	77	50	87	0	98	78	78	63	99	83	83	94	80	51	100	68	62	63	95	73	81	53	
61	50	90	59	98	87	69	60	100	83	80	71	90	68	88	72	55	62	59	92	57	83	83	71	95	59	54	51	81	55	84	97	68	76	98	84	58	59	71	100	81	52	70	88	65	81	56	94	90	91	70	58	88	58	97	70	99	67	54	75	55	97	97	85	53	78	95	62	89	83	88	90	88	99	80	66	100	78	71	74	63	64	91	89	54	76	61	0	91	65	56	93	61	58	63	79	64	65	92	57	94	66	76	55	98	
76	91	77	72	66	90	83	88	83	57	73	98	77	52	70	93	88	66	87	68	85	92	62	79	75	52	71	64	60	52	84	69	85	54	76	64	87	65	76	54	63	74	75	93	52	78	63	79	66	71	73	76	58	63	86	94	67	90	77	86	55	54	87	77	100	75	87	91	61	65	69	69	75	52	73	92	100	99	67	91	53	83	58	73	97	78	89	89	0	69	70	80	98	86	56	64	50	50	70	57	67	79	85	59	55	
73	69	66	56	71	78	59	84	94	52	56	73	59	68	89	71	68	57	55	91	77	64	73	85	82	88	68	88	95	96	52	83	82	57	53	85	71	88	90	76	59	54	81	91	62	84	58	79	98	52	68	81	91	99	93	87	72	89	85	99	68	77	74	87	66	65	68	91	92	92	68	65	87	73	53	54	62	66	86	90	80	80	92	51	50	54	90	51	67	0	91	92	63	51	53	96	78	82	57	71	77	88	57	99	70	
78	76	77	73	53	86	98	65	68	56	69	80	86	76	93	51	74	83	52	74	93	87	100	78	88	74	98	53	84	91	64	74	71	85	82	56	100	72	85	91	56	80	84	60	77	68	87	72	57	94	71	58	64	95	59	56	71	51	75	73	54	75	99	83	79	95	96	94	70	65	57	60	85	91	74	53	92	89	75	100	66	68	72	63	62	57	54	89	65	84	0	51	65	66	62	65	63	63	56	78	50	71	56	87	94	
53	56	67	61	54	54	81	86	91	88	99	72	70	51	98	51	52	76	89	93	83	77	52	61	53	54	64	81	63	71	92	65	96	65	72	63	100	73	55	71	80	76	59	89	53	86	97	80	66	69	82	64	55	55	59	96	86	61	57	54	76	82	55	97	92	59	65	77	66	92	52	80	70	85	95	76	70	61	57	55	55	60	64	74	69	85	67	79	66	86	82	0	67	70	60	83	57	100	68	67	83	67	88	55	65	
57	53	75	61	93	96	100	72	80	82	66	86	79	95	56	91	61	84	81	76	89	71	96	58	53	62	50	100	56	91	63	68	79	54	67	88	71	85	74	87	97	62	59	70	67	67	60	81	71	51	57	80	54	55	90	77	60	77	79	92	58	67	61	97	63	67	55	92	68	82	66	70	98	53	97	53	85	82	81	89	73	55	88	65	76	64	81	91	86	96	59	69	0	76	65	93	91	86	66	86	58	53	87	90	56	
82	59	81	58	70	60	63	78	98	56	81	58	89	87	53	85	85	63	79	81	51	57	86	61	90	82	97	98	59	90	69	61	77	96	65	85	69	65	51	77	58	59	52	64	85	70	79	86	67	53	87	62	77	83	53	72	88	90	80	50	88	93	66	85	75	55	99	60	77	54	66	72	73	77	87	87	51	81	86	92	73	53	76	85	71	54	97	94	97	70	51	78	61	0	61	71	74	50	95	63	97	87	52	60	68	
67	66	100	66	66	54	76	79	92	79	72	81	94	55	58	82	56	75	60	71	70	76	92	74	94	84	86	51	54	68	100	68	99	54	53	63	93	92	73	86	74	59	55	54	82	62	75	97	77	55	59	67	76	91	93	54	77	100	70	80	61	78	73	54	75	56	75	78	64	91	93	51	85	64	50	60	88	56	97	54	61	82	96	96	58	53	83	59	77	61	64	59	100	90	0	83	89	81	59	80	95	87	56	92	82	
80	97	74	62	85	86	52	89	91	81	70	55	83	100	52	77	94	50	91	84	60	56	77	54	58	92	94	73	55	76	60	81	66	56	61	99	95	99	66	87	82	50	81	95	79	94	56	88	50	81	98	55	82	58	89	79	56	63	54	51	83	50	78	50	73	64	67	81	88	55	82	61	50	84	92	87	55	91	89	90	55	69	60	60	98	84	87	91	72	74	60	90	91	65	60	0	91	72	81	96	73	90	97	85	94	
86	63	84	64	67	87	78	83	64	67	85	92	73	80	60	89	84	54	98	63	73	57	87	70	84	100	71	53	65	76	58	59	67	96	78	60	83	58	85	83	56	72	96	92	84	81	60	99	97	82	56	65	59	88	70	90	55	90	93	94	62	95	93	83	97	85	93	75	83	95	61	67	75	83	56	96	51	95	79	79	93	87	66	76	58	91	56	99	60	54	81	76	97	71	60	71	0	67	53	55	52	56	84	87	86	
80	100	72	95	67	64	52	83	98	56	61	89	89	69	94	78	79	62	66	73	72	58	62	67	80	91	57	60	78	55	98	84	61	81	80	63	90	79	93	97	60	96	94	71	75	61	75	95	73	50	58	73	75	100	67	67	50	80	58	80	60	64	77	82	70	66	84	93	100	64	99	58	92	83	52	77	53	50	95	95	95	84	88	89	67	72	57	74	65	94	65	75	78	100	88	58	74	0	68	88	93	86	54	63	79	
70	56	81	86	91	51	78	53	60	86	60	56	59	66	67	81	92	75	50	80	85	90	81	93	81	83	77	85	88	83	61	69	57	54	84	84	70	89	59	77	100	79	91	99	82	81	72	53	58	73	55	75	70	98	73	54	58	59	78	81	66	56	56	65	93	85	51	51	89	79	94	75	57	98	59	71	65	58	92	84	67	60	74	71	81	78	69	95	97	76	62	67	78	81	57	66	100	94	0	52	50	93	79	50	100	
80	62	56	84	50	72	92	53	68	63	71	69	76	63	58	64	97	68	79	98	72	56	79	72	52	69	90	75	67	96	98	91	56	70	75	57	63	71	65	86	66	93	63	66	62	50	61	94	60	84	67	54	94	98	63	63	81	81	85	68	82	94	68	89	62	55	67	52	77	77	74	87	61	65	57	87	76	51	88	57	89	59	93	57	67	80	73	59	90	99	95	73	91	64	81	70	68	69	77	0	50	88	62	61	87	
75	59	77	79	58	53	81	94	95	54	95	53	74	57	54	96	58	68	68	90	76	62	98	50	54	52	62	62	97	60	57	53	93	70	79	60	73	57	97	66	69	75	75	80	51	57	58	79	51	87	80	80	100	93	61	67	79	99	87	68	61	74	77	68	93	79	52	73	88	50	67	62	56	95	95	54	50	64	81	52	72	80	57	97	69	75	70	82	51	70	53	90	54	100	54	67	79	92	68	53	0	59	78	61	71	
61	66	74	83	75	52	69	84	61	78	89	53	68	83	89	52	51	93	92	87	92	74	74	58	65	89	55	68	90	87	83	54	59	79	62	79	59	81	61	50	75	88	60	95	86	79	54	60	88	95	100	85	50	66	99	80	86	67	58	51	100	76	51	91	94	55	92	55	91	97	80	80	54	94	53	90	53	51	61	66	64	55	90	89	52	65	62	68	66	66	69	87	91	67	76	67	91	68	97	51	99	0	98	95	82	
94	89	90	50	93	89	50	91	86	50	56	90	55	83	73	59	63	92	55	87	74	86	50	92	98	78	84	64	65	66	76	92	81	83	82	55	82	60	96	53	100	95	90	73	100	83	71	99	99	77	63	65	100	73	72	78	74	55	75	50	64	56	67	73	90	79	90	70	54	85	73	87	85	64	96	55	93	86	61	76	84	100	93	91	73	54	58	93	67	59	95	58	60	100	58	92	69	90	57	92	53	83	0	92	72	
72	65	97	80	94	98	64	64	50	75	79	54	64	94	92	100	88	96	56	51	73	58	64	85	82	88	86	53	97	54	80	86	71	92	68	62	93	95	83	60	79	66	66	66	56	62	88	70	58	62	87	56	60	52	59	87	83	65	54	83	78	65	87	96	86	94	71	98	67	51	64	65	66	98	96	62	55	100	54	66	84	88	72	65	51	83	59	94	93	59	78	64	96	59	96	56	55	74	100	77	52	89	75	0	95	
96	59	98	97	95	85	89	69	83	57	52	94	89	79	87	79	87	73	77	53	80	97	79	85	52	84	73	51	73	56	53	66	65	93	65	92	93	78	97	93	51	97	55	95	62	88	62	55	84	85	91	64	71	99	62	97	68	77	57	82	94	93	83	89	51	94	71	93	80	69	89	90	72	72	95	61	97	55	55	69	97	58	68	80	80	51	89	51	90	81	56	69	83	99	59	72	64	53	50	50	56	99	67	68	0	
26	39	71	55	88	39	71	40	39	35	58	81	77	62	59	80	9	22	66	56	85	63	13	89	30	62	42	27	77	17	44	29	61	19	26	54	81	38	8	64	74	56	49	64	91	
39	26	55	26	50	31	64	16	47	41	24	57	45	23	45	41	46	16	55	30	56	32	39	50	23	30	25	29	57	54	5	47	27	55	38	27	46	41	46	43	62	40	26	53	52	
71	55	26	78	80	85	18	70	40	40	72	108	31	57	100	59	71	60	109	25	103	81	61	71	75	32	32	44	110	87	55	95	36	91	48	29	85	93	74	96	9	95	80	108	70	
55	26	78	26	39	23	89	15	73	66	9	31	60	26	24	42	63	35	33	53	31	8	60	45	26	48	51	54	32	65	23	48	45	64	62	49	28	34	63	18	86	19	8	32	49	
88	50	80	39	26	62	96	50	93	87	32	46	50	28	58	21	96	66	64	59	34	32	90	12	63	48	66	78	52	101	45	86	46	101	87	56	14	73	96	47	89	54	47	65	16	
39	31	85	23	62	26	92	16	68	62	30	42	74	44	21	62	48	28	29	61	48	30	48	67	11	60	54	49	39	46	32	25	57	43	55	57	51	12	47	26	91	17	15	26	70	
71	64	18	89	96	92	26	79	33	36	84	120	49	72	109	76	68	65	118	38	116	94	58	88	81	48	38	45	121	85	66	97	51	89	45	41	100	99	71	107	10	104	90	117	87	
40	16	70	15	50	16	79	26	60	53	18	44	58	29	30	48	48	20	39	46	46	23	45	54	13	44	41	41	44	51	16	37	41	51	48	42	42	28	48	29	77	25	12	38	57	
39	47	40	73	93	68	33	60	26	7	71	104	60	65	88	77	35	41	97	39	104	80	26	89	57	49	27	19	103	52	52	68	50	57	14	40	92	72	38	89	39	83	71	94	89	
35	41	40	66	87	62	36	53	7	26	64	97	56	59	81	72	32	34	90	34	97	73	22	83	51	45	22	12	96	49	45	62	46	53	9	35	86	66	35	82	40	77	64	88	84	
58	24	72	9	32	30	84	18	71	64	26	36	52	17	33	33	66	36	42	47	33	10	61	37	31	41	47	53	38	70	19	54	37	69	62	43	24	42	66	26	80	28	16	41	40	
81	57	108	31	46	42	120	44	104	97	36	26	85	51	24	60	90	65	23	83	13	26	89	57	51	76	82	85	7	87	54	64	73	85	92	79	32	48	88	16	116	25	33	26	61	
77	45	31	60	50	74	49	58	60	56	52	85	26	35	84	29	80	58	93	22	78	61	70	40	68	15	36	53	89	93	42	91	17	95	61	23	58	85	82	77	41	79	65	92	39	
62	23	57	26	28	44	72	29	65	59	17	51	35	26	50	19	69	40	59	34	45	26	62	27	41	25	38	49	55	77	18	66	22	77	59	30	28	56	69	43	66	45	32	58	29	
59	45	100	24	58	21	109	30	88	81	33	24	84	50	26	65	68	47	9	75	34	26	69	66	31	72	71	69	19	64	45	40	68	61	75	72	44	24	67	11	107	5	20	8	70	
80	41	59	42	21	62	76	48	77	72	33	60	29	19	65	26	86	57	73	40	51	39	78	12	60	29	50	64	65	95	36	85	27	95	73	38	30	74	87	56	69	61	49	73	12	
9	46	71	63	96	48	68	48	35	32	66	90	80	69	68	86	26	30	76	59	94	71	10	96	39	66	44	28	87	17	51	37	65	22	23	57	89	47	3	74	72	65	58	73	98	
22	16	60	35	66	28	65	20	41	34	36	65	58	40	47	57	30	26	56	39	67	43	25	67	17	43	28	22	63	37	22	35	41	39	28	36	60	34	30	49	65	43	32	54	69	
66	55	109	33	64	29	118	39	97	90	42	23	93	59	9	73	76	56	26	85	35	34	77	73	39	81	80	78	17	70	54	44	77	66	84	81	50	29	74	17	117	15	29	3	77	
56	30	25	53	59	61	38	46	39	34	47	83	22	34	75	40	59	39	85	26	78	57	49	52	52	11	14	31	85	72	30	74	13	75	39	4	62	71	61	71	33	70	55	83	52	
85	56	103	31	34	48	116	46	104	97	33	13	78	45	34	51	94	67	35	78	26	24	91	46	55	71	80	85	20	94	52	72	67	92	94	75	21	56	93	23	112	33	36	37	50	
63	32	81	8	32	30	94	23	80	73	10	26	61	26	26	39	71	43	34	57	24	26	68	40	34	50	57	61	29	73	29	55	47	72	70	53	21	41	71	17	90	22	15	34	44	
13	39	61	60	90	48	58	45	26	22	61	89	70	62	69	78	10	25	77	49	91	68	26	89	38	57	34	17	86	27	45	42	56	31	13	48	85	50	13	73	62	65	56	74	90	
89	50	71	45	12	67	88	54	89	83	37	57	40	27	66	12	96	67	73	52	46	40	89	26	67	41	62	75	63	103	45	91	39	104	84	50	25	79	96	56	80	62	53	74	4	
30	23	75	26	63	11	81	13	57	51	31	51	68	41	31	60	39	17	39	52	55	34	38	67	26	53	44	39	48	40	26	25	50	38	44	49	54	18	38	35	81	27	19	37	70	
62	30	32	48	48	60	48	44	49	45	41	76	15	25	72	29	66	43	81	11	71	50	57	41	53	26	23	40	79	79	28	77	4	81	48	10	53	71	68	66	41	66	52	80	41	
42	25	32	51	66	54	38	41	27	22	47	82	36	38	71	50	44	28	80	14	80	57	34	62	44	23	26	17	83	59	28	63	24	62	25	14	66	62	47	69	37	65	52	78	62	
27	29	44	54	78	49	45	41	19	12	53	85	53	49	69	64	28	22	78	31	85	61	17	75	39	40	17	26	84	43	34	52	40	47	9	30	75	55	30	70	47	64	52	76	76	
77	57	110	32	52	39	121	44	103	96	38	7	89	55	19	65	87	63	17	85	20	29	86	63	48	79	83	84	26	83	55	59	75	80	91	81	38	43	85	14	118	21	32	19	67	
17	54	87	65	101	46	85	51	52	49	70	87	93	77	64	95	17	37	70	72	94	73	27	103	40	79	59	43	83	26	59	26	77	5	40	71	93	40	14	71	89	62	59	67	106	
44	5	55	23	45	32	66	16	52	45	19	54	42	18	45	36	51	22	54	30	52	29	45	45	26	28	28	34	55	59	26	51	25	59	43	27	41	43	51	41	63	39	25	53	47	
29	47	95	48	86	25	97	37	68	62	54	64	91	66	40	85	37	35	44	74	72	55	42	91	25	77	63	52	59	26	51	26	74	22	54	71	76	16	34	49	99	39	40	41	94	
61	27	36	45	46	57	51	41	50	46	37	73	17	22	68	27	65	41	77	13	67	47	56	39	50	4	24	40	75	77	25	74	26	79	48	11	49	68	67	63	45	63	49	77	39	
19	55	91	64	101	43	89	51	57	53	69	85	95	77	61	95	22	39	66	75	92	72	31	104	38	81	62	47	80	5	59	22	79	26	44	73	92	37	18	69	93	60	57	63	106	
26	38	48	62	87	55	45	48	14	9	62	92	61	59	75	73	23	28	84	39	94	70	13	84	44	48	25	9	91	40	43	54	48	44	26	39	84	59	26	77	49	71	60	81	85	
54	27	29	49	56	57	41	42	40	35	43	79	23	30	72	38	57	36	81	4	75	53	48	50	49	10	14	30	81	71	27	71	11	73	39	26	59	67	59	67	37	66	52	80	50	
81	46	85	28	14	51	100	42	92	86	24	32	58	28	44	30	89	60	50	62	21	21	85	25	54	53	66	75	38	93	41	76	49	92	84	59	26	62	89	33	94	41	36	51	29	
38	41	93	34	73	12	99	28	72	66	42	48	85	56	24	74	47	34	29	71	56	41	50	79	18	71	62	55	43	40	43	16	68	37	59	67	62	26	45	33	99	23	26	26	82	
8	46	74	63	96	47	71	48	38	35	66	88	82	69	67	87	3	30	74	61	93	71	13	96	38	68	47	30	85	14	51	34	67	18	26	59	89	45	26	72	75	64	57	71	98	
64	43	96	18	47	26	107	29	89	82	26	16	77	43	11	56	74	49	17	71	23	17	73	56	35	66	69	70	14	71	41	49	63	69	77	67	33	33	72	26	104	10	17	18	60	
74	62	9	86	89	91	10	77	39	40	80	116	41	66	107	69	72	65	117	33	112	90	62	80	81	41	37	47	118	89	63	99	45	93	49	37	94	99	75	104	26	102	88	115	79	
56	40	95	19	54	17	104	25	83	77	28	25	79	45	5	61	65	43	15	70	33	22	65	62	27	66	65	64	21	62	39	39	63	60	71	66	41	23	64	10	102	26	14	14	66	
49	26	80	8	47	15	90	12	71	64	16	33	65	32	20	49	58	32	29	55	36	15	56	53	19	52	52	52	32	59	25	40	49	57	60	52	36	26	57	17	88	14	26	28	56	
64	53	108	32	65	26	117	38	94	88	41	26	92	58	8	73	73	54	3	83	37	34	74	74	37	80	78	76	19	67	53	41	77	63	81	80	51	26	71	18	115	14	28	26	78	
91	52	70	49	16	70	87	57	89	84	40	61	39	29	70	12	98	69	77	52	50	44	90	4	70	41	62	76	67	106	47	94	39	106	85	50	29	82	98	60	79	66	56	78	26	
2924		2024		1696		3283		5670		4992		2920		3081		2940		1250		2508		6080		2142		3240		3519		2820		3450		2044		6240		1027		7315		4536		2628		4425		4257		1764		177		1235		6318		5040		1534		3654		1680		5733		2295		715		5544		5002		2400		6600		2812		5184		3200		5775		4425		
2993		528		5292		1512		2726		1320		7056		536		3190		3408		1632		3479		3600		1725		2257		3280		3332		1216		3525		2660		3577		2075		4268		4459		1121		3168		2754		1998		2940		4895		544		2464		1881		5225		3420		2835		2624		2170		3430		2590		4620		2528		1422		3825		2808		
4582		2788		5402		2511		846		3604		8900		3813		8232		6084		1656		3960		3195		1824		3276		1326		7998		4368		4661		4233		2210		1768		7120		1380		3510		3690		4389		4488		3920		6532		2975		5148		2356		7268		4914		4464		1157		5005		4472		2226		7216		3072		2652		5605		1530		
6450		2914		5092		2948		750		5214		7476		2964		6120		5293		3096		5841		2448		2040		6336		640		5952		5504		6216		4608		2928		2320		6630		224		3770		2331		3364		6816		3840		8686		2772		8455		1855		8787		5913		3726		2295		6162		9114		4928		6612		3100		4628		6660		265		
2664		228		4770		2130		3780		3168		4453		1098		3036		2479		1620		3904		2340		2133		3696		3608		2478		884		3192		2668		3900		3024		3150		5400		1840		2015		1932		2175		3416		4386		747		2898		1624		5044		3264		2288		4450		3034		3913		4462		3120		4042		2842		3080		4088		
3990		1375		3465		3784		4176		5170		4312		3315		3854		3360		2331		6278		1840		1449		5628		2070		6200		3762		6314		1078		4828		3807		4940		3024		4752		420		1480		2628		7200		7104		1771		6120		368		4788		2520		624		3468		6204		5607		4526		3999		5766		3840		6916		2604		
3000		3713		1200		5544		6952		5396		1632		5544		1508		2128		6499		6077		2664		3905		7719		4920		3304		2700		9894		1344		6336		3927		3136		5112		5478		2945		1408		3168		5200		6080		3577		4788		3094		5451		3024		2280		7636		5292		5208		8190		1425		4872		5329		8600		5609		
2860		1590		5040		992		5225		595		5796		994		5822		3584		2075		3456		6390		3920		1513		4503		3922		2490		2184		4560		3654		2001		2809		4636		825		4408		2862		4056		1972		4576		1560		2496		3190		2700		5162		3192		2904		1710		4420		1040		5005		845		891		2304		6435		
1248		3024		4732		6204		5460		5244		4752		4947		1155		612		5850		5510		4686		5607		7392		4992		1360		2232		4675		3344		9021		4161		792		5340		2714		4293		1890		910		8742		2997		3713		4081		3710		2214		385		3124		5808		5074		1311		4661		2862		6132		5394		7802		4500		
3485		3150		6460		3003		4248		972		6565		2380		5925		3864		2394		4050		8428		4144		1491		7104		2550		3348		2158		5616		5184		3320		4452		6162		1380		6912		4096		5643		2120		2795		2904		1206		6831		2600		5208		4416		5460		276		4704		1891		8888		1050		2132		1771		6970		
5888		2407		4736		1232		1425		3024		6960		1875		7220		5382		665		2170		2856		1377		1836		1769		4320		2322		2464		2695		2175		760		4757		3038		3441		2814		2550		5452		3800		6080		1200		5368		2166		5320		6566		3680		1564		4560		6840		1863		4264		2944		1144		2376		1750		
6006		3420		4450		1196		1416		3139		7725		2775		6808		5332		1344		2002		3445		1696		3115		2280		4644		4731		3880		5395		689		1204		4100		3150		4272		5529		5984		5106		1624		4840		2829		3672		2862		7998		6972		5518		790		2808		6715		1242		5292		1696		2117		3772		2106		
6789		4050		3200		4785		2200		6156		4674		5795		8004		4592		3726		3920		2673		2880		7161		1064		6237		6390		6468		3038		5133		4131		5915		702		5694		3458		3540		7448		4425		6912		3450		8036		2183		5559		7310		4656		3762		8008		7600		3551		6570		5402		4650		8500		495		
783		1950		5762		4324		4424		1696		5236		2635		2379		2516		4067		5183		5658		3657		3445		5254		1513		938		3721		4116		5236		4968		1232		5600		2231		4180		2052		2112		4757		1584		2590		2494		3233		1638		1600		3149		4307		2380		901		5187		7100		4018		3321		4582		4100		
5412		3240		513		6557		7565		4316		858		6510		1856		2112		3922		5830		3393		5490		8600		5720		5980		3078		5559		2700		9646		5964		5238		5544		6351		2627		1560		2067		6549		4455		3920		5278		2240		6290		3649		2139		7209		4914		5561		8439		600		7410		4455		6480		6536		
7068		4648		672		6942		5244		7396		1525		6120		4653		3036		6248		8346		1674		5040		9292		3025		6545		4851		8800		1300		7070		4374		4752		6231		6318		1740		2415		2891		10246		8832		5488		8036		2992		4896		3780		2117		5658		8448		6399		6144		840		7695		7452		7194		5850		
4056		4080		1420		6790		5607		4182		3268		5544		3850		3172		4526		5529		1001		3036		8084		2478		5680		5828		6283		2162		8190		5472		5390		2862		4662		1936		2952		2912		6800		9025		4500		8633		2100		7760		5723		2500		3834		6440		7954		8272		1943		6688		4144		7038		4029		
4800		3384		5508		2522		5520		1890		7881		2144		7031		4510		1890		1350		6536		3640		154		3752		3933		2784		432		6160		2940		1456		5180		5576		1600		5846		7128		6930		1463		4928		3337		2496		3570		3538		5016		6132		4186		1704		5762		663		6104		630		1408		342		6048		
5104		3977		1050		4884		4526		6887		2160		2964		2070		1711		5460		6240		2700		3456		5916		5076		3190		2714		6912		798		7912		6370		3792		5148		5673		2075		867		1767		8134		4884		3655		6880		2457		4697		3312		1615		4028		7426		4087		7392		1880		7954		4891		6745		5915		
2112		2812		7735		3948		7200		2016		4488		2070		3540		4664		4560		6076		6642		4930		3822		7623		2263		1750		3105		3968		5175		2750		3500		5893		986		6432		3551		2967		3944		1775		3486		820		6370		1219		4500		3355		6020		1520		1682		4186		5162		2664		3060		2730		7052		
4187		2236		3105		2652		1872		5796		5166		3942		4968		4352		2666		4144		1358		2132		6840		800		5460		4756		5100		2370		3960		4233		6600		2028		6305		1120		2365		4071		5767		6650		2847		5040		1311		9215		4488		2010		2565		7047		5332		3468		4565		5183		4582		6720		1680		
3564		2133		3190		2726		2100		2832		4161		1749		6800		4278		1800		3900		3003		232		5088		924		6205		3608		3050		1750		4005		2604		6600		1426		4275		1976		2091		3869		3416		4698		1276		5110		1628		6723		6200		2112		2295		4740		6290		2385		5963		4608		2412		5917		1600		
2880		408		4800		2244		4200		2052		5040		1702		2840		1683		2883		3965		2730		1736		4876		2332		2394		1020		4588		1800		3520		2960		3196		4565		2673		2296		918		1452		5135		5200		1008		4802		1250		3024		2759		2134		3445		4508		3225		5049		5060		3168		3128		4140		2800		
1292		2697		4212		5076		6885		4455		4752		2184		1440		1045		5130		4731		5952		2700		4875		6860		1566		1083		6935		3600		5780		3355		630		6080		1700		3792		2132		530		7380		3069		1961		3139		3008		3168		1067		2418		4543		4320		1340		4154		4503		3904		4650		5254		7708		
5183		3588		5880		1121		1610		2829		6402		1815		5655		6240		1504		2268		4189		1404		1855		3128		6399		4368		3280		4130		1463		847		6699		2432		2684		3796		5084		4002		3038		7812		3360		6204		4224		4316		4212		3864		570		4992		6642		1920		4600		2511		1924		2436		3240		
7308		4750		5580		2100		1615		3328		8715		3915		9118		7380		1674		2262		4221		2673		2904		2415		6045		5184		3504		6499		1615		1672		7656		1653		4536		4060		3621		7505		3456		9408		2655		6853		4104		6110		7040		3968		430		5607		7452		2656		5643		3075		3344		4400		2244		
2162		5170		7614		5307		8019		2200		5828		3234		4154		4814		3618		8000		5141		5472		5096		6460		2592		3276		5185		7469		6160		4899		2988		6901		2448		5084		3392		3950		6075		957		5841		969		4320		324		2499		6150		7290		2976		1200		5785		8827		5335		4644		5162		8085		
3417		2613		2037		3481		3886		4200		3382		4968		3948		3913		4368		5632		780		2627		5727		2128		5106		5000		4876		935		4510		5270		5310		2550		5518		968		2475		2814		8910		7968		2470		4452		1395		4730		2450		845		3584		7440		5254		6622		2697		6930		3276		7644		4606		
3564		1620		2419		2365		3198		3538		5472		3360		4674		2964		2485		6300		1408		1260		6097		1440		4260		2970		4864		1800		3969		3916		6014		2016		5088		702		2697		3818		6862		6642		2592		6545		546		4233		4345		1116		2288		5390		6408		5795		3200		4712		4176		5852		2560		
3870		424		3500		2576		2392		1924		4697		2037		2646		2898		1472		4602		3404		1458		3450		2686		2964		1863		5723		1250		3248		2574		4180		2948		2640		2208		1224		1600		5820		3294		450		5445		1300		5456		3198		1134		2580		2688		2704		3910		3828		2475		2100		3944		2852		
5720		6045		7050		4898		1482		6468		8463		5390		6534		9500		3618		6264		2596		2604		8217		1272		10450		7954		8900		5612		5880		4218		9064		1173		4150		2800		6716		4576		4992		9877		4080		5400		3479		6480		8245		3540		2840		5568		7326		4453		5270		5925		5530		7830		1022		
3036		1802		2592		3660		5476		4209		1643		3969		1160		1600		5152		7553		2800		3008		6399		4788		2835		3220		8800		972		6853		5016		2142		5451		3774		1595		846		1139		5336		5940		2479		5848		3000		3392		1694		1007		6375		6693		3102		5852		2201		4884		4080		6020		3519		
8000		2376		2478		5225		2280		4824		2950		2856		4087		6237		3496		4602		570		2755		7110		1520		7980		3422		7480		2813		5110		4290		3825		1800		5159		1577		3402		4408		6806		8448		3403		5733		1311		9114		3484		1792		3234		8400		8342		6048		4743		6512		4148		7920		2044		
2754		1254		6716		265		1850		1525		5208		714		4761		5355		285		3204		4510		1386		2146		2660		5952		1881		2926		2880		2312		620		5452		2772		1326		3913		3290		3417		3256		3965		1406		2950		2301		4544		2950		4048		1792		2775		4774		1656		5670		2304		1045		3534		4365		
7980		2250		5208		4365		1102		3432		7426		3060		4131		7296		1980		4453		2368		2231		4148		276		8370		6138		4050		3564		4743		2296		5146		801		5248		3201		3024		6596		4288		8514		3960		7120		3100		5000		5082		2856		2010		4836		7917		3422		3960		3591		5200		6675		456		
2750		1020		2752		3360		4002		2475		4895		2697		4465		2542		2581		3640		2146		1062		4176		2015		4840		1798		3417		1152		4758		3315		3713		2562		2128		1470		1940		2541		5025		5808		689		5022		972		4148		2478		994		2944		4312		3135		2968		4896		2600		2432		3432		2948		
6205		4617		112		6160		8100		6438		1360		5400		3813		3321		4144		6710		2112		3540		10200		4026		7081		5394		10192		2133		5775		4620		3906		6768		4466		2754		2924		2576		7392		7031		3078		8633		3572		7626		4000		2542		6090		8736		4788		7154		672		7178		6396		7700		4615		
7476		3220		4661		2006		495		3363		7505		3015		7290		4368		2646		2814		4850		2325		5194		2016		5915		5146		2950		4446		2697		2052		6364		840		5278		2773		4347		7030		2400		6402		3813		6885		3828		7200		6889		5400		770		6800		5520		3066		8800		2597		3192		4440		1900		
1368		3009		4950		5841		5141		2145		4590		4606		3364		4266		5590		4080		9300		4218		2856		6348		2208		3096		5429		6789		7221		5372		1952		5000		2142		5148		5340		3082		4650		738		4536		1241		3800		445		3150		4615		4664		3168		1080		5504		6603		5390		3224		3422		7725		
6596		3040		1276		4800		4814		3692		2847		5115		4320		4320		2600		5368		1092		2553		5478		2035		6370		2856		5520		828		7052		5270		5160		4361		4284		948		1664		3698		6916		5015		3354		6794		1440		6438		4950		1344		4158		5508		7300		5226		2387		5226		6144		7371		3312		
9800		6200		4422		5518		2581		4897		4930		6528		8277		6952		4293		7425		2808		2769		5796		1890		6148		3978		9100		3996		4992		4047		8633		1386		4374		4171		5214		4264		7776		7475		3876		7102		2752		7656		6643		3922		3483		9025		10486		5698		6460		5040		5589		7735		714		
4148		5346		336		4029		4897		7308		754		6790		2380		2730		4599		7194		2664		4920		9700		4158		5025		3016		6213		2522		10290		7885		3591		4950		4070		3185		1530		2214		6105		7140		2968		7084		2394		6786		2508		2760		4437		6808		6300		5820		371		4940		6880		5724		6956		
4950		2871		1612		4836		3422		5400		3783		3690		2888		3128		3174		7380		1794		2871		4662		3480		5394		2356		5376		91		5226		3472		3792		4628		3162		1078		741		1740		7140		4896		2460		5037		910		6882		3800		219		3660		4200		5520		4060		1904		6555		4125		5248		5044		
192		3772		5624		5390		7654		1938		6438		2460		3444		1976		3363		6880		5767		5312		5162		7380		970		1536		6240		3245		5355		3213		1584		4550		2400		3575		2970		2730		4466		1078		2438		1512		6174		912		1479		3021		5166		2627		576		4544		4697		4872		2989		6048		8184		
4680		1843		2774		3200		4224		2646		3723		3400		2835		3880		2178		3864		2028		1617		4588		2016		5016		3040		3600		858		4225		2365		4416		2904		3192		1056		1152		2048		4757		3536		1260		6270		504		5600		2993		650		4018		3360		5452		4872		4418		4047		2279		4760		4180		
2720		1350		4240		1352		4480		574		4730		990		5084		4290		1632		4608		4544		2552		1971		5518		2562		1092		2592		5358		3780		2312		2394		3944		280		5586		3840		2752		3150		3760		1624		1265		3456		2145		3888		4240		3672		924		2680		2752		4988		1680		1638		1914		6674		
5346		3185		6486		2418		1971		4232		7668		3690		8245		4500		2132		1387		4278		2923		2975		2666		7832		3050		2318		4620		477		1404		5504		3420		5049		3596		6264		7742		1450		5642		4185		3500		4425		4717		7830		3484		1287		3135		5429		1403		7519		2904		2976		3720		3528		
715		2296		6048		3542		7566		2924		4680		3007		3348		2730		3888		5846		6336		3009		4290		6831		1512		708		5985		4232		6930		3024		1365		6162		2208		2754		2310		1580		6552		1431		1914		1848		3150		1860		1914		4128		5112		3700		1800		5278		3752		4794		2870		3120		4880		
5796		3021		5976		4224		650		4970		7565		5244		4641		4558		2920		5664		3936		2370		3864		1274		8918		3588		7372		4860		4128		3526		4914		267		5589		3827		5824		6391		6305		7102		4752		8836		2665		8162		8091		3276		1404		5084		7029		4060		7626		6110		2800		6536		291		
7176		2911		5928		2800		1078		2500		5394		2769		5418		6320		1806		3534		2805		1650		4230		2254		6278		2968		4823		2970		1904		2079		4050		1200		4108		4600		3360		6720		2924		6734		1800		6225		3354		6840		6715		4420		574		5890		4816		2124		6003		2494		1995		4536		1584		
3440		882		5103		1458		4272		1679		5472		518		5225		2496		936		3528		4131		2160		3182		3827		3264		1602		3496		2340		2597		1775		3397		2700		1258		3182		3366		2196		3038		4823		864		3570		2788		4134		4092		2065		3948		2346		2736		2030		4130		3008		1494		2745		3233		
3672		3528		7626		1344		2769		2294		8190		1590		8544		5494		1890		1200		3600		3534		1159		4361		6545		4400		2400		5712		1241		828		5925		4900		2204		5084		5293		6090		1241		6536		2886		4180		5900		5550		5850		4992		2175		3400		5016		672		5151		1564		1615		2496		3692		
3159		3444		5828		2310		6438		754		5700		1798		5840		6164		2924		3936		8170		3534		2040		5100		2491		1960		1769		5328		4731		3822		4400		7600		1691		5112		6237		5544		4042		2360		4400		1470		6900		1924		4500		3944		3472		59		3240		1904		8900		2016		1809		2314		6142		
4779		1113		5016		1680		2670		3570		5538		1482		5544		2907		880		3672		2412		264		3724		2100		4554		2997		4959		2904		4455		1325		4071		1710		2184		2496		2738		3384		3294		3700		855		6016		2134		6216		4088		2400		2552		4320		4891		2583		6600		4257		3000		5529		2144		
5934		2240		5808		1185		2560		3400		5858		2370		5568		5346		986		1748		5280		2880		2054		3402		3978		3550		1856		3776		1568		472		6525		2911		3840		4047		6272		6072		2116		7347		2196		3717		4293		6622		4543		4800		1314		2288		3850		1335		5044		1656		1470		1881		2655		
4331		3366		6042		2449		4992		2400		10350		3456		6164		7740		3000		1620		7553		4674		357		5400		4402		3848		305		6399		2812		3069		4896		5913		2380		5616		5624		7104		2016		5824		5049		3705		7275		5490		7742		5772		3570		1848		3588		1139		7684		1140		2600		124		6930		
4648		4779		5940		1815		3243		3432		9028		3760		6784		6930		2356		126		7917		3445		1430		4712		5152		3685		1848		6885		741		2520		6825		4582		4611		6084		8064		6960		632		7654		4872		5265		6375		7654		6080		5589		3234		3050		8460		1314		7198		2673		3290		1647		4216		
1701		1054		4312		2460		4690		2356		4698		1624		2208		1450		2520		5760		3850		3393		5700		3740		2356		550		4620		2100		6205		3234		1334		4485		1863		3456		1332		962		6745		2623		1298		2970		2652		3645		1953		1680		4095		2745		2376		3135		4860		3692		2652		4224		4355		
6825		4300		2728		5782		3400		5256		4128		4047		4292		5225		4080		7055		50		1802		6557		2370		6162		3640		7544		1260		4758		5940		6279		2091		3300		1106		2485		3900		6586		5520		2624		8190		928		7332		3953		1764		5800		5628		6800		4312		2800		6318		3776		6188		2379		
2508		444		2850		1792		5225		1484		5696		1455		3375		3800		1593		4779		2499		1885		4500		4277		2480		968		3294		2607		5487		2835		2170		4704		1007		3150		1300		2484		2900		3360		671		2688		3040		2548		1925		3000		4650		3293		2624		2288		5040		3880		2392		5044		2900		
6480		3096		7084		3000		784		5247		9021		3486		6960		4131		1392		2400		4116		1188		4550		1848		8184		4930		3248		4125		2760		1584		4838		850		3024		4320		5063		3763		3450		7626		2052		4446		3234		6789		6400		3276		828		4875		8008		3120		6708		2898		2926		3762		1302		
4980		3053		5626		1960		4576		1575		7526		1988		5307		6720		1904		1197		4720		3036		380		3900		5244		3910		832		3888		1590		1680		3933		3050		2697		3740		6256		3944		1292		5808		2378		4128		4096		6144		7252		6188		2808		1566		4080		504		9568		232		1184		832		6240		
4698		2331		8372		826		3055		1320		6363		1863		7544		6460		1562		2178		5913		3627		572		3078		5293		2623		1881		4950		1652		1280		3564		5320		2604		4030		4158		5632		1113		3696		1980		4136		3886		4800		4757		6138		3196		1827		6534		594		8019		455		594		1083		4720		
4788		2244		8160		552		3655		1554		5856		1558		7663		5976		1360		2450		4757		1848		1020		3216		4620		2840		2125		4500		2492		580		5376		3000		2187		5488		3480		4560		2325		5214		2460		2484		4160		3712		4221		4161		2400		2635		4875		583		8928		660		624		1250		3888		
1692		3864		4644		4692		6300		4800		4233		3630		3050		4606		4088		5060		5452		4424		4623		4947		1170		2040		5025		3723		8428		4928		1768		10282		2772		6000		4012		3354		7304		355		3904		2400		5850		610		2774		4047		7760		3150		936		5244		5896		5360		3906		4320		6104		
3822		700		4940		2600		2730		2257		5312		1764		5088		3818		1400		4536		2257		1008		3744		1953		2915		2418		3770		2133		2703		2760		3024		3608		2387		2160		2484		2628		3477		4992		500		3920		1760		4352		4500		2064		3471		3696		4984		3960		4620		3354		2552		3363		3956		
432		2150		3864		4209		9114		4653		4818		3358		2550		1560		5985		8624		6314		5214		3551		4150		153		2214		6956		2912		8648		5934		496		7347		2812		3906		2856		1350		5780		1653		4320		2479		5084		1380		1281		3672		7830		3220		490		3816		5320		3584		4144		4896		5985		
1944		702		3468		1748		3498		1496		5016		260		4648		3724		1386		4656		4731		2070		1980		4165		4500		960		3225		2596		3050		2484		2952		3192		693		2752		2886		2886		4176		2400		1455		2556		3960		3408		2904		3080		3870		1932		2288		1848		3700		1456		1264		3034		5192		
3900		3034		3185		3984		2077		3960		3366		4947		4899		4950		3588		5390		1007		1826		4680		891		7812		4731		4000		2176		3843		2867		4650		1430		4650		1092		2332		3060		6882		4794		2775		7830		1180		8835		5100		2046		2760		4446		5865		6400		4425		4355		3618		5920		1860		
4819		4503		8100		3007		2832		2000		8880		2580		7210		6336		2592		291		6536		2808		2024		5704		7480		5229		1302		8134		1424		2028		6960		5251		4361		6083		5248		4452		268		5610		3456		5124		5183		6396		7371		4424		3060		4002		6438		1080		9512		2208		3136		1334		5355		
5451		2464		5040		1534		976		2832		9702		3042		6120		7224		1638		2850		4698		1782		3192		2108		5568		4176		4465		5917		1720		1728		6560		2214		5100		3172		3900		6570		3420		6480		2223		4818		4900		8099		6068		5510		297		4779		5133		2340		9300		2812		2541		3888		2046		
2760		1749		3276		4060		7760		4968		3895		4365		810		400		3648		6141		3074		5044		4672		5610		2407		1664		4756		2294		6141		3835		1007		6006		3698		3600		918		388		5192		2714		3071		4704		2050		2499		680		2232		4836		5487		1728		6956		3432		4002		5264		4800		5304		
8989		4774		6083		3685		1386		6630		9120		5980		8811		6204		3216		5670		2448		3627		4800		2093		6420		6708		5994		4464		4488		3900		6300		1068		7644		2550		5832		6278		4060		8740		4845		8466		3234		9545		5856		5760		2944		8730		5940		3380		5984		7200		6111		6806		540		
3240		1122		3465		3483		3724		2964		2744		2109		3960		3471		1872		6912		1656		1541		4485		2048		4002		1700		4200		759		3876		4140		3332		2684		3015		801		1581		1815		5994		7000		1932		6256		686		3960		2772		693		4998		4788		5940		4941		4048		5520		3680		6068		2520		
2440		1980		7120		2522		5395		300		8640		1638		3905		4420		2890		4032		4740		3675		1102		3484		4165		2573		1872		3630		2600		3168		4233		6532		1400		3835		4176		4134		3192		2970		2368		2200		4340		3528		4292		5084		3132		680		3600		1512		7790		1530		1368		1656		4275		
3906		581		3666		2432		4743		2470		3363		2185		3828		2923		2324		3780		2242		2277		3276		2457		3196		1140		3224		1840		5246		2812		2600		4214		2370		1725		1767		1647		3584		5700		900		3180		1302		4248		2916		1520		3264		3792		4752		2850		4950		4465		3201		3180		4794		
6786		2535		4221		3196		1157		5005		5976		2520		7600		5624		2450		2550		3705		1360		5040		1078		4930		4565		5355		3726		2640		2233		7020		624		3564		2380		4770		3965		4235		8096		2210		4266		3234		5152		5846		3010		1406		4087		5355		4416		4940		4029		2460		5696		1215		
1525		3120		9500		3864		6204		2652		7104		3780		5525		4200		4464		5920		5795		3942		3550		6188		2046		2356		5400		7372		7626		4864		1950		8036		2912		4560		5696		3672		6486		969		3528		970		5070		832		5049		5550		5544		1875		2744		5546		8428		2891		3724		2958		8484		
876		3104		4602		4056		6068		2132		5546		3145		2262		1656		3021		6075		5265		5280		5456		5112		765		850		7000		3652		7802		5340		744		6804		1891		4998		2730		1005		4108		1652		1924		2394		2650		1760		1440		2193		6468		3652		1392		4745		5580		2900		3840		3551		6391		
4717		4290		3160		3953		4100		7224		5568		4964		5616		3519		4988		6030		1118		3567		6734		2220		5673		4002		5000		3395		4698		4884		5063		2014		6318		1485		3332		4686		7144		10290		2964		7854		2726		8239		4440		3395		3780		5320		6862		5796		4851		6536		4234		6500		2170		
832		3417		4864		6392		9292		4335		4032		4293		3354		1908		5964		6882		4902		4662		6319		7820		522		2065		7176		4992		8428		6004		1360		7575		3956		5400		3300		2112		7920		1232		4032		2220		6390		1653		1568		4158		5076		3969		405		5082		7546		3726		3286		5175		7004		
4070		2975		4466		2556		1386		2856		4588		4100		7056		5628		1863		3705		1560		924		4380		588		7600		4284		6120		1998		4606		2788		5616		1216		3780		1612		3375		5487		3904		8633		2850		4345		2232		8455		4216		2482		1904		5508		4779		3672		5226		2750		2537		6324		1188		
1624		1520		6030		2470		4020		1566		5180		891		4029		3124		2407		3510		4500		2736		2553		4070		2627		630		3128		3168		4047		3128		2108		3906		800		2430		2304		2496		4240		3813		1900		2304		2881		3526		2888		2542		4940		2288		2368		2730		6570		2304		1782		2640		3835		
4992		3000		3400		3384		2356		6110		5092		3450		6720		4550		2394		5934		1254		1848		5680		600		7221		4536		5609		2304		6000		3634		5850		1218		5368		1995		2244		4661		6059		7426		2340		6278		1740		7125		6324		2046		3237		7469		4200		4347		4307		6402		4134		4582		1300		
4270		3318		7371		1536		3332		3290		8755		2635		7120		5412		1254		884		3604		2516		2400		3195		7900		3978		2550		4026		825		873		5548		2580		2080		5841		3828		4970		1344		4320		3002		3658		3976		6006		6241		4340		1240		4400		7332		1248		6633		1276		1575		2697		4183		
9405		4389		4453		5220		2418		4800		5609		3640		5829		5986		4488		5700		1950		3564		7055		1530		9797		4588		7920		2880		5330		3136		8832		950		5616		3686		4331		7238		6723		9546		4293		8240		2479		7504		5525		4128		2640		8372		5814		7300		6440		4290		6030		9009		1110		
485		2640		5621		5580		9021		3168		5751		3870		2340		2065		3906		7650		6400		3685		4928		6636		370		1620		3976		5428		4680		6256		1092		6298		2205		6072		3150		2204		4428		1036		4361		3136		3770		1116		1300		5415		8342		3108		177		5382		6225		3538		3294		3672		5280		
3650		2916		3080		3542		1820		5229		4148		3948		3520		4897		1850		4200		976		1400		3570		1395		4368		3640		4345		1326		4216		2990		4968		2673		5046		780		2242		4028		4588		8010		2240		4399		1274		7110		5766		2375		3780		5475		5372		3969		3564		4745		2964		7268		2418		
6164		3417		256		5025		5304		8019		1404		3886		2368		3204		6831		6195		2914		2915		6048		4408		6499		4032		10282		2200		6000		3950		4446		5600		6958		1530		1960		2920		8774		5893		4056		8099		1716		4959		3960		2275		7719		7200		6860		5394		814		4550		6468		6448		6348		
2464		3354		5115		3720		6557		1350		6596		2728		5106		4032		3312		3528		5568		5400		2112		6320		3440		2970		1924		6390		5824		4320		4410		4872		1140		3942		5246		3276		4182		3040		3634		488		6300		2610		4070		4828		3740		576		2052		3444		7938		2139		2244		3026		6512		
6586		2958		4617		3520		86		4960		6111		3060		5546		7040		2079		3956		3621		2030		5800		1848		9506		5025		5696		3000		3162		3036		7644		1053		3200		4557		6298		4029		4836		5814		3772		8439		3337		5304		8712		3705		1022		6068		5529		4230		8370		3355		3713		5785		1360		
1162		1475		6175		2788		4588		1914		5100		1898		2400		2142		2967		3933		4420		3168		2597		6138		1584		608		5643		3404		7200		3332		1380		4800		1602		4743		3298		1817		5016		2262		2610		1595		3479		1980		2592		3828		5092		1984		1386		4081		4278		3420		3060		3245		7392		
1200		2900		6570		3920		5396		2352		5472		2210		2688		2856		4312		5720		3960		3536		4312		5040		1776		930		4628		2862		4410		2793		1500		7020		885		4617		4116		2325		4340		2600		2754		1743		2860		1350		3298		3366		5168		2350		1886		3871		7488		3239		2448		2450		5508		
5621		1785		3864		1512		1104		3969		6636		2988		7020		4968		1216		3195		3024		1027		2850		1456		6000		3264		4959		3634		1944		2093		4144		1728		3528		2556		3927		3472		4263		4872		1856		6059		2574		4558		5751		2580		928		5063		5103		3880		5304		2520		1820		3477		2100		
3016		2204		1054		4216		4148		4284		1624		4266		2380		2325		5320		6532		1950		4300		6640		4606		3717		3168		8184		468		8536		6072		4704		6039		4661		1235		1504		2108		6768		4440		3588		7268		2068		4697		3663		1196		5680		4543		3233		5520		2016		4290		5248		8281		4740		
5301		3976		2500		7380		5170		4293		1330		5880		1577		1150		6942		10057		4264		5916		5800		6525		3780		4158		6649		1925		5550		4698		2904		4698		5183		2622		2635		3267		8136		4473		5841		8500		3430		7425		1888		1938		5184		7569		4503		7524		1176		6935		6723		7597		7917		
9108		4080		7360		5088		1455		6375		6887		5544		8019		7426		3555		3600		2832		3034		5402		1914		8374		5005		6786		4836		4224		3807		6732		670		6384		4131		7056		4590		5829		7571		4180		9900		3185		10961		5510		4500		2668		8265		7169		5704		5251		6141		3477		6873		590		
9200		2808		4880		4872		2184		7524		4212		4270		5610		7200		2397		5112		2581		1760		7742		868		9212		5460		8256		4002		5368		4576		5696		1216		4514		3115		5162		5550		7392		8453		4655		9504		3325		9504		7387		2790		3360		4576		8514		5106		5460		6068		5544		6536		996		
1650		540		5133		2436		5220		2496		5940		945		2385		2470		2407		5605		3180		2144		3080		3850		3293		568		3127		2196		5880		2520		3168		5664		1232		2318		2100		2132		4814		4005		1344		3549		2905		2700		3026		2277		3763		2065		2052		4004		4485		2145		2548		2907		5734		
696		2320		5148		4628		6512		1700		6162		3724		2914		2730		3808		6992		5670		3339		3834		4212		960		1896		3480		5978		6806		3600		1995		5670		2079		3894		3072		1700		7200		1400		3780		1491		3968		1316		3162		3953		5200		2821		871		4800		4698		4896		2898		4350		7360		
1955		3780		9306		5185		6272		3471		8084		2496		3906		3886		5016		5609		5376		7068		4620		7144		1458		2418		4380		7623		8352		4148		2736		9588		3024		5740		4544		3750		4292		636		3363		880		4320		623		3969		6225		8544		2201		1848		4672		8633		4968		4240		3591		8400		
4452		2736		1710		5612		4550		4550		1540		2600		2436		1404		4235		6097		1860		3784		4346		3315		4104		2788		6734		594		6776		5460		3256		4851		3696		1188		864		1539		6324		3570		3040		7125		1608		6935		2432		1274		6840		6586		4617		7505		2496		6156		3534		6319		4914		
3402		4700		1000		5986		8500		6660		1496		5332		1900		1900		5382		8944		2596		5428		6716		3960		3848		3196		5508		1794		7548		7566		2856		5850		4928		3182		2112		1680		6090		4209		4050		5040		3198		4818		1885		1914		8352		4293		4675		6825		1500		8613		7178		7900		5538		
2950		1800		7546		396		3827		1422		8272		583		6300		4800		972		1802		3050		1652		1633		3015		3127		1792		2432		3328		3080		1196		3192		2842		1848		4312		2650		4743		3300		3660		1166		2924		3960		3960		5546		3920		2409		2760		4234		1615		7565		1620		344		1550		3640		
6138		3762		4698		960		2958		1643		5247		2106		4335		7410		1296		1659		6072		1736		2352		2537		5850		3290		2280		4030		1577		438		4536		3053		1924		4200		6200		6534		1794		3800		3332		5320		2808		7104		7030		5723		1323		3444		6882		871		4940		1840		1394		1922		4371		
