105 45 1
0	70	67	15	64	30	39	73	20	79	57	60	63	39	73	23	24	54	88	84	60	77	38	22	58	38	63	57	49	33	43	45	50	53	45	35	17	43	33	71	71	56	76	75	95	51	95	39	51	57	70	46	65	99	23	70	41	59	57	85	11	34	68	59	93	34	98	32	86	73	51	84	12	24	74	74	49	63	78	100	73	35	78	25	10	55	17	24	92	81	77	49	10	63	57	16	59	45	29	45	67	69	74	59	35	
84	0	72	38	10	19	57	80	30	15	16	24	75	37	14	53	51	57	50	23	36	85	73	62	71	40	15	99	59	10	87	12	44	54	62	77	71	58	13	21	98	27	41	65	65	21	60	96	42	86	98	33	32	48	83	91	32	79	73	51	33	70	20	29	20	59	10	26	64	49	17	72	44	86	21	98	12	17	54	80	94	32	42	79	55	78	71	72	78	13	30	30	61	69	66	43	30	31	69	25	77	24	14	70	21	
96	54	0	93	11	64	75	55	14	50	57	80	15	50	98	52	39	50	77	28	25	43	95	97	33	16	21	57	24	57	19	86	43	48	39	74	62	89	79	86	73	45	95	65	42	59	51	46	31	17	48	52	36	19	29	82	57	70	88	32	74	33	44	17	51	31	82	54	10	34	70	48	27	97	22	82	96	25	65	15	41	36	56	85	85	76	39	82	67	14	13	23	79	15	57	94	30	28	18	73	74	55	33	74	44	
28	31	49	0	88	98	50	13	57	12	78	63	84	39	31	58	49	46	99	97	87	88	38	23	100	68	52	94	72	84	59	62	24	96	84	24	13	41	20	18	57	12	61	87	57	71	77	73	12	27	71	41	16	22	93	30	44	63	25	12	72	79	74	17	63	94	94	49	56	85	93	64	75	57	54	24	98	62	34	58	73	70	18	59	65	70	55	62	63	50	23	55	76	12	14	57	39	13	32	19	44	60	64	65	95	
80	56	54	69	0	47	54	53	74	58	35	65	35	74	58	95	31	47	64	81	93	72	84	57	30	23	91	32	69	10	95	35	88	35	96	56	21	47	73	49	19	79	19	50	41	37	78	40	40	15	62	54	28	20	98	88	54	43	83	24	24	15	23	52	44	90	48	47	69	38	15	84	91	93	92	80	25	62	12	83	57	88	35	89	63	45	83	57	95	48	62	78	90	40	27	77	75	90	16	74	89	42	18	24	47	
18	71	61	83	89	0	67	91	89	54	20	44	44	72	21	16	23	53	74	31	45	98	67	71	92	42	88	82	49	16	55	54	51	55	77	94	37	23	20	17	98	47	31	97	85	28	21	27	40	62	50	63	49	43	44	64	49	23	70	100	73	46	87	84	82	44	10	53	68	68	68	82	44	42	45	40	73	23	36	70	87	38	23	64	10	93	44	57	41	34	36	85	21	67	14	51	44	24	78	70	11	82	61	36	47	
39	56	75	86	31	52	0	14	16	28	61	85	48	86	36	26	42	95	63	43	52	67	95	46	14	50	64	78	88	21	19	70	85	62	69	99	11	93	27	98	57	35	75	63	86	85	70	76	68	41	58	70	39	89	50	93	35	96	20	47	86	97	40	57	58	84	94	70	32	95	64	21	32	90	27	24	86	64	66	86	71	45	89	70	20	10	71	67	51	62	12	41	87	43	70	62	15	77	35	50	26	18	91	100	64	
13	72	54	61	91	49	72	0	53	34	96	32	96	53	21	97	88	29	10	81	14	97	68	62	22	21	85	55	69	55	57	20	92	70	35	45	45	85	32	21	76	68	28	87	12	19	27	42	80	75	70	62	41	24	36	25	30	71	46	90	62	41	49	73	85	82	87	35	34	25	58	16	100	78	21	24	48	80	29	49	13	94	19	34	53	82	33	29	35	44	28	94	79	66	62	42	92	28	20	81	73	11	78	20	91	
69	41	44	29	40	11	93	81	0	76	85	89	21	41	95	42	42	17	62	80	86	54	84	68	49	42	41	35	93	66	77	24	80	32	65	87	38	65	21	44	22	33	21	28	78	16	51	97	31	27	72	17	87	23	20	83	95	14	15	85	22	82	30	46	64	69	14	99	83	47	12	19	98	88	71	85	31	75	63	30	30	10	50	47	94	12	56	44	88	82	65	40	66	69	68	33	12	99	28	68	60	44	20	50	22	
63	59	54	90	17	42	19	37	86	0	85	98	84	82	86	50	68	73	84	52	27	46	94	52	44	57	30	91	99	22	51	72	35	47	77	12	37	27	84	35	75	47	81	75	62	67	82	10	67	41	52	54	58	38	88	22	46	45	87	15	51	79	36	97	100	100	77	41	82	28	64	59	32	28	62	56	78	65	100	82	60	23	19	57	32	62	40	71	16	86	89	40	23	77	70	46	63	60	54	65	94	65	33	13	66	
41	12	25	65	48	61	76	44	43	44	0	63	48	20	39	72	61	89	58	98	15	53	20	100	60	73	21	53	15	50	93	49	88	100	59	21	87	27	70	69	98	51	24	22	35	98	64	87	15	94	96	52	35	51	49	88	28	45	79	84	71	75	72	38	25	72	93	25	10	26	26	28	70	71	57	39	52	39	18	89	50	23	69	95	90	70	28	25	11	25	19	42	61	97	32	12	12	90	90	93	59	25	54	84	95	
63	59	52	78	40	25	56	44	85	98	10	0	51	91	86	32	76	86	48	74	46	57	57	18	46	81	34	38	26	78	66	68	39	24	26	51	58	24	94	47	12	25	61	99	22	40	38	42	24	39	44	68	64	13	40	17	59	54	36	32	49	69	39	10	98	19	38	96	41	25	99	20	13	97	81	30	19	33	49	32	35	59	90	87	71	60	78	92	87	79	31	100	33	44	37	77	100	79	49	68	52	19	26	88	55	
94	91	36	67	98	59	85	14	27	98	79	89	0	57	44	98	27	30	64	91	60	17	80	80	74	14	90	16	100	34	55	72	78	95	72	92	25	84	35	53	92	73	46	25	92	29	59	43	33	83	31	69	40	57	51	65	70	11	84	44	59	98	77	82	79	51	47	32	73	29	70	47	35	41	37	72	96	80	92	11	98	14	47	24	82	11	64	93	20	59	16	60	44	53	45	47	60	95	73	63	11	35	45	77	61	
60	34	20	24	42	83	34	27	47	68	58	16	52	0	18	54	22	29	49	42	100	91	41	49	82	99	37	62	60	23	56	55	76	17	29	25	45	44	34	24	87	32	91	81	97	32	35	60	75	56	54	42	88	47	11	93	97	61	100	46	63	83	47	13	59	21	62	98	72	28	61	85	36	37	98	99	63	40	57	17	83	72	64	28	28	24	35	27	82	89	81	18	24	32	79	57	45	88	40	64	80	99	96	84	80	
72	86	67	79	46	63	48	82	53	72	84	60	36	63	0	91	49	33	52	10	69	18	61	71	70	77	69	99	35	81	10	17	15	94	29	81	33	36	77	36	53	92	93	91	32	78	72	52	53	28	56	91	85	97	98	93	23	33	46	80	80	80	51	48	67	68	77	85	34	81	26	20	81	100	17	48	86	67	95	49	96	82	44	32	85	13	30	18	88	13	96	85	89	56	78	100	47	29	46	19	42	18	28	45	84	
91	97	84	47	84	75	51	47	63	64	70	99	77	10	66	0	91	71	39	31	51	71	33	23	74	64	72	16	90	28	29	76	81	97	75	77	27	29	11	86	79	29	48	34	71	86	14	66	67	51	19	75	11	47	58	19	68	49	12	32	40	67	44	59	79	17	79	14	26	52	86	40	43	87	81	35	84	74	91	89	47	26	60	58	41	76	98	31	22	31	82	84	46	88	64	13	78	54	99	42	76	25	89	38	71	
23	36	92	12	63	95	85	61	29	12	62	68	24	16	37	62	0	29	13	78	15	35	80	44	37	42	98	66	73	41	24	56	61	73	72	83	51	76	24	39	11	50	83	94	61	61	62	99	76	20	56	50	53	59	63	23	76	57	41	63	12	92	78	56	47	52	24	73	13	73	25	32	96	77	84	36	40	69	85	48	50	49	15	44	68	57	29	77	72	56	43	55	21	47	84	12	59	20	76	67	60	56	74	56	75	
98	74	96	44	67	26	54	37	72	73	87	54	82	26	50	31	12	0	89	40	51	71	27	64	42	84	48	14	86	22	94	87	84	12	98	35	76	19	85	81	11	82	65	11	59	67	12	38	62	39	69	84	76	77	72	21	78	38	10	19	61	90	29	66	31	89	18	44	64	83	45	68	82	15	99	63	97	40	88	32	53	24	89	75	13	16	81	26	13	31	72	27	69	41	34	38	12	99	30	70	30	94	15	81	36	
69	44	26	77	33	58	12	35	54	95	98	63	90	41	89	10	27	38	0	56	84	30	59	27	26	68	91	55	35	22	42	26	73	17	13	42	32	37	61	44	41	88	36	93	39	77	70	82	94	56	82	83	37	62	39	19	15	72	27	49	56	39	59	99	65	10	99	57	68	67	27	35	25	50	94	23	46	89	27	78	82	89	85	39	61	64	17	83	19	47	77	39	70	55	56	91	25	51	34	47	51	96	97	53	25	
72	56	92	64	46	77	99	41	44	97	85	19	22	19	81	82	80	44	41	0	32	18	12	21	74	74	18	62	94	63	63	100	62	15	34	44	33	31	83	99	34	22	14	68	62	69	58	41	93	90	17	25	87	53	97	18	64	21	49	20	46	22	70	48	71	33	53	61	81	27	31	24	67	64	54	18	12	41	81	93	47	94	34	32	47	82	22	63	63	83	71	56	84	69	60	44	78	27	21	60	62	73	65	34	80	
20	44	14	21	14	24	82	41	35	86	30	21	56	33	37	35	20	56	23	99	0	92	72	38	30	70	24	28	73	20	17	13	21	26	31	87	88	36	43	53	28	70	72	13	79	30	11	90	31	75	26	15	89	68	14	61	95	94	90	42	39	59	25	97	24	75	99	24	68	70	95	16	80	27	50	55	21	55	41	44	43	67	76	95	80	10	88	56	48	45	69	58	66	44	53	95	80	79	34	80	18	70	61	92	37	
15	22	53	75	10	78	66	15	65	72	54	100	79	62	80	12	37	52	97	47	24	0	43	85	64	26	62	84	14	52	80	45	49	39	37	92	37	56	66	23	32	95	99	55	91	54	10	35	100	92	12	14	15	92	24	58	95	37	36	43	18	97	50	70	50	63	96	57	55	43	72	59	48	14	83	19	97	62	72	68	19	84	15	67	57	25	44	77	69	70	20	77	64	94	29	15	62	43	98	25	84	34	92	61	14	
53	100	73	20	84	54	10	28	16	47	10	19	98	48	64	93	38	12	83	65	30	46	0	52	28	44	68	99	63	31	49	72	29	34	96	11	42	53	22	72	30	35	22	61	72	75	75	81	33	46	100	24	27	20	24	85	15	35	66	63	42	96	42	54	23	34	57	62	88	37	96	11	88	30	92	33	96	31	92	20	43	56	11	47	39	35	63	85	94	95	89	19	93	56	87	22	22	67	23	74	67	89	88	33	65	
12	58	97	43	94	60	97	36	76	62	51	27	25	80	60	59	40	12	53	79	98	54	85	0	22	12	43	88	42	76	68	40	41	31	22	83	41	19	92	27	57	31	56	28	26	16	55	99	55	57	42	43	39	35	65	51	100	55	89	94	84	50	13	34	74	23	97	88	65	95	84	93	96	13	44	25	34	35	36	59	31	10	22	12	19	65	27	23	24	65	59	44	64	51	72	76	37	22	91	19	67	98	64	22	67	
21	94	91	12	65	72	13	64	31	83	25	37	16	24	54	83	72	54	22	58	92	49	30	52	0	83	29	36	69	28	30	38	18	43	10	89	88	28	72	55	33	57	96	19	35	61	28	20	92	87	65	10	85	30	11	87	91	68	68	10	88	31	18	32	88	50	57	64	54	78	10	33	25	89	60	85	98	56	72	66	72	12	34	26	48	100	31	22	48	27	19	41	49	71	51	38	67	45	78	53	48	68	61	16	49	
52	64	66	53	98	31	23	56	49	99	100	48	84	70	58	27	37	81	95	27	12	23	37	76	40	0	99	79	50	12	70	69	25	19	32	80	58	50	58	24	69	64	23	85	93	64	74	28	15	54	44	73	86	47	32	91	31	25	79	94	84	60	59	54	13	58	81	64	93	24	13	75	56	47	15	11	16	15	20	98	44	31	11	42	48	84	95	38	59	40	91	68	58	43	30	23	93	14	30	65	30	61	26	47	26	
67	81	73	13	32	59	85	52	68	97	76	92	40	61	97	97	63	68	12	55	60	78	36	45	55	50	0	94	10	38	78	99	49	18	10	88	51	53	49	41	71	11	60	38	47	81	55	59	36	60	88	44	40	23	88	99	20	34	11	62	89	66	18	83	92	99	78	28	87	25	100	70	41	80	31	60	59	38	18	60	28	46	94	22	55	19	43	62	78	43	71	20	50	94	60	94	75	70	73	12	81	33	88	22	81	
20	51	78	55	10	56	65	11	35	49	26	95	94	80	49	54	16	17	66	95	13	74	49	56	46	17	34	0	32	43	89	25	53	18	16	96	33	45	27	65	99	27	62	51	25	43	10	79	41	18	52	72	97	30	68	26	92	83	87	32	10	61	51	34	56	50	91	14	43	93	57	67	13	98	15	42	59	87	50	97	51	88	11	88	87	10	19	42	10	67	69	77	68	33	64	54	13	23	78	54	92	36	89	98	20	
62	22	75	50	80	89	76	74	47	84	84	86	57	46	63	50	77	77	34	97	77	72	48	47	86	13	20	91	0	47	36	88	32	73	70	48	11	65	53	39	21	56	46	48	53	81	40	87	14	10	46	60	65	84	48	42	48	82	19	54	53	53	61	11	17	39	44	31	67	95	27	49	15	65	63	88	90	82	84	14	82	17	23	46	29	17	38	80	65	31	98	60	90	61	79	67	30	30	47	55	19	77	50	94	81	
20	80	85	14	97	84	26	61	21	16	59	34	23	62	99	68	17	93	23	79	89	56	47	97	22	80	82	96	23	0	33	92	80	47	18	51	48	76	68	82	70	66	36	60	99	72	31	78	10	64	43	85	26	29	70	91	65	37	75	39	80	52	21	22	28	84	87	35	81	89	72	81	77	31	80	61	80	93	99	99	93	84	73	88	48	92	12	67	55	85	34	61	55	80	10	57	36	67	83	15	83	47	59	70	55	
42	96	56	39	67	94	96	53	49	58	14	21	74	34	22	79	81	87	51	72	29	40	51	61	83	93	24	62	100	17	0	69	41	49	28	47	84	68	49	14	35	30	43	37	56	27	40	32	86	82	58	51	45	99	17	25	20	26	34	90	60	78	91	35	91	24	31	77	83	83	85	20	49	94	77	79	29	40	63	62	88	27	72	63	50	100	26	73	61	82	49	34	52	50	48	82	40	24	93	70	22	80	23	39	96	
59	44	22	93	44	76	24	60	99	88	97	27	25	88	45	30	83	93	17	59	33	35	92	82	34	36	14	30	45	94	80	0	30	58	40	64	72	52	53	60	29	80	65	50	92	61	33	36	79	15	82	58	25	86	82	60	82	34	89	90	37	85	51	64	90	90	89	56	92	35	80	80	79	26	97	42	33	73	79	100	85	64	59	22	55	45	46	29	40	100	99	22	50	84	61	88	95	92	34	39	100	10	18	25	93	
13	88	70	75	73	12	100	50	37	18	88	18	17	90	52	37	99	18	55	39	71	76	46	26	95	66	16	98	23	57	80	27	0	95	31	85	16	18	55	62	14	57	50	50	26	17	65	64	57	44	70	43	58	15	74	57	90	91	92	56	41	20	93	15	59	36	100	28	79	99	37	64	87	31	29	79	95	17	96	93	24	50	69	32	51	86	75	56	34	31	53	71	85	100	96	48	63	53	63	71	19	67	72	37	78	
73	88	38	77	35	35	69	41	67	12	21	54	69	39	36	43	23	62	81	84	67	47	77	33	52	70	56	16	88	53	38	87	59	0	30	47	100	64	66	89	19	15	74	23	46	82	82	26	39	65	90	18	61	15	57	91	77	74	56	17	85	78	51	96	56	44	21	47	92	48	96	14	34	51	21	20	55	80	25	81	83	57	32	68	28	62	41	10	78	65	56	92	75	88	67	53	21	76	11	11	26	19	57	30	40	
17	95	14	54	26	54	42	63	41	55	25	36	99	12	52	88	30	58	39	87	79	41	79	72	59	61	45	39	100	49	32	57	61	75	0	35	67	27	53	95	25	92	84	92	74	65	62	37	22	61	46	31	96	88	37	68	41	79	100	83	64	100	81	27	71	86	78	53	32	80	97	64	22	15	56	58	96	17	65	94	14	29	83	30	74	46	54	99	43	56	34	46	87	21	25	85	76	56	100	91	74	40	100	27	34	
91	33	91	91	26	19	26	43	46	86	11	76	62	97	91	74	44	65	31	95	79	34	79	19	45	62	43	37	15	21	10	47	43	24	20	0	83	36	72	25	89	57	27	19	38	27	26	14	53	74	21	25	79	80	47	77	28	44	69	42	10	19	36	20	57	44	44	29	100	36	48	31	77	56	11	16	65	59	51	95	37	92	49	87	26	37	83	84	28	65	48	43	16	30	39	78	40	85	26	75	84	10	73	17	92	
91	64	64	49	11	81	51	36	55	68	95	62	81	55	16	43	36	50	91	95	71	12	41	10	60	94	25	80	80	39	41	72	24	53	67	24	0	69	100	52	97	39	56	55	84	60	87	70	42	73	15	23	50	51	58	64	62	55	38	99	45	64	37	16	47	79	74	77	86	64	66	77	62	33	46	23	96	62	48	33	82	84	28	46	33	17	54	12	100	84	59	20	77	21	56	43	32	92	83	44	44	26	28	98	94	
75	99	75	53	57	60	60	69	16	23	18	90	86	100	69	57	43	81	73	18	81	29	87	32	95	24	10	96	59	95	26	73	84	13	19	76	22	0	12	17	53	96	66	82	17	99	99	44	39	92	82	100	14	60	90	30	24	47	35	100	51	14	68	30	37	89	23	82	33	23	47	54	21	96	29	46	46	44	36	45	77	54	82	64	34	26	76	83	54	80	20	45	18	43	23	22	22	95	87	66	47	94	80	17	59	
79	58	66	75	21	85	61	25	40	63	30	30	31	24	82	68	70	69	79	81	28	75	15	27	31	69	55	16	81	14	49	82	92	56	92	35	100	19	0	21	82	30	13	64	36	54	78	22	77	69	74	59	54	31	56	55	49	60	38	17	17	44	65	23	85	14	28	39	71	91	43	79	20	40	17	36	73	96	43	23	17	65	94	35	18	41	37	53	16	15	99	94	72	98	73	77	30	55	48	81	62	85	65	33	41	
56	45	30	29	39	75	13	19	25	76	54	51	18	89	53	12	57	93	83	45	27	59	34	61	67	58	95	75	23	60	65	51	94	34	43	74	15	32	64	0	89	83	43	72	87	18	98	99	46	69	41	15	52	97	51	22	68	49	12	51	70	40	39	44	68	87	69	62	71	45	44	59	91	14	95	43	85	89	47	39	85	14	84	14	88	45	29	81	88	50	21	46	20	38	39	35	48	86	61	12	72	17	75	37	49	
100	53	19	91	63	50	83	22	88	36	59	29	71	88	93	10	85	86	17	83	53	100	26	68	89	56	17	50	87	40	77	31	88	10	15	35	76	72	83	26	0	74	22	48	63	97	32	75	78	74	21	71	98	65	78	17	81	22	16	41	71	69	31	25	50	91	79	63	29	56	74	10	41	68	12	13	81	86	76	63	28	67	57	18	60	33	20	82	89	15	38	55	28	13	69	15	35	39	84	27	80	61	45	39	68	
37	19	54	53	53	84	81	98	100	52	60	15	88	10	29	61	57	73	17	20	40	49	33	42	49	95	76	11	48	86	100	11	97	24	45	23	48	72	30	75	78	0	42	98	69	15	97	70	10	62	40	28	21	97	59	88	40	52	88	90	29	48	96	14	86	56	77	81	79	32	63	24	89	99	17	30	61	40	40	57	73	56	42	79	30	25	31	66	93	84	25	90	95	75	27	76	65	57	17	97	73	17	38	54	78	
89	55	74	57	56	19	42	12	95	70	84	88	87	88	63	95	72	56	61	85	72	98	53	31	11	55	26	55	24	77	47	42	33	94	55	68	95	43	62	56	84	100	0	96	19	69	33	30	15	68	84	50	96	91	54	38	77	85	61	91	64	47	28	30	45	47	89	62	80	59	68	53	57	15	77	81	45	13	59	85	88	89	62	43	25	84	66	69	76	50	28	18	75	84	80	55	33	68	38	89	65	93	17	41	71	
38	73	25	89	93	99	36	94	65	17	54	14	30	50	85	97	60	35	94	28	22	29	66	90	80	66	39	46	88	16	18	77	23	62	95	13	16	41	14	59	65	94	19	0	83	94	46	75	15	15	52	13	54	43	95	98	39	66	82	67	57	98	69	30	64	27	89	29	55	22	60	80	47	31	67	32	19	67	55	31	89	48	95	57	16	70	58	82	36	88	32	63	35	45	21	38	29	54	91	24	24	97	95	54	74	
21	97	74	89	37	57	17	92	59	34	93	65	35	29	67	79	69	65	48	60	30	18	90	99	80	60	44	21	29	50	72	22	75	88	76	29	68	79	67	98	40	23	50	68	0	34	47	41	88	68	100	66	89	38	12	10	80	12	39	84	94	11	51	26	96	88	40	59	38	34	85	94	49	46	46	55	52	50	55	24	89	71	31	96	44	47	27	36	30	90	73	86	82	10	57	44	35	93	99	40	24	55	76	67	67	
20	84	59	76	11	26	22	30	79	55	61	59	68	96	85	56	32	17	26	27	45	90	13	87	85	78	11	17	54	16	75	38	91	23	93	29	22	84	52	10	88	39	99	86	80	0	62	79	60	85	19	66	35	36	47	18	100	80	42	64	43	52	53	81	27	66	30	66	44	13	59	64	52	79	32	32	52	20	93	36	78	13	56	47	45	54	65	86	91	63	76	34	81	29	44	97	42	14	40	84	72	64	76	87	55	
54	73	93	76	42	20	62	39	98	14	16	14	37	61	29	40	31	62	92	72	24	21	45	72	77	94	35	58	69	62	48	47	20	59	10	93	25	61	99	31	78	97	19	50	16	39	0	37	95	39	74	13	20	11	47	57	90	57	95	42	47	38	12	35	26	59	48	99	95	82	19	68	47	31	26	31	79	63	95	22	29	26	68	18	15	57	88	63	80	62	69	89	73	74	96	28	71	71	16	51	74	72	100	34	25	
17	87	53	44	57	88	95	17	16	69	73	22	98	19	44	68	96	72	65	78	32	47	16	92	21	91	87	66	79	49	25	94	74	51	18	22	94	93	63	17	14	71	31	93	25	84	78	0	98	22	60	72	57	15	25	92	98	84	46	75	86	59	30	17	37	48	57	57	65	21	15	13	30	89	12	16	55	85	43	37	42	85	27	21	22	30	67	79	71	41	50	64	18	21	40	70	49	48	59	48	46	80	89	15	34	
61	41	18	68	52	51	98	18	17	28	88	85	43	55	69	46	38	18	56	53	70	87	46	54	84	60	92	100	40	63	64	33	39	53	26	65	32	84	67	39	34	24	18	64	65	87	98	25	0	11	61	58	18	95	15	82	79	57	34	30	80	53	58	33	55	92	63	12	74	37	16	74	29	88	100	31	31	83	58	35	11	30	96	43	91	95	100	66	69	96	15	60	31	18	28	48	11	94	42	23	53	13	89	97	74	
64	88	78	54	13	52	21	80	79	31	69	36	82	91	13	91	85	81	55	98	91	31	47	92	58	24	96	10	25	32	49	44	45	39	11	26	42	18	42	22	59	99	69	97	92	70	76	24	76	0	96	17	45	25	100	53	94	64	21	62	53	38	90	70	98	14	14	88	32	48	72	84	79	78	48	89	45	27	18	61	12	62	57	96	25	77	71	76	54	30	86	14	40	72	15	88	16	56	95	77	71	16	57	79	63	
75	36	76	45	37	52	98	86	89	85	100	57	36	99	54	75	50	67	78	21	16	51	15	54	74	32	48	45	97	67	59	28	75	68	68	47	21	51	72	42	11	62	67	75	39	51	62	56	60	92	0	41	42	27	85	56	88	56	69	37	54	51	24	65	19	32	71	61	72	13	35	84	25	60	55	39	16	63	20	36	73	83	72	85	37	75	45	31	95	83	66	34	57	95	15	100	37	28	69	49	71	47	83	16	89	
64	26	53	47	76	72	84	38	93	40	37	10	18	89	90	71	65	97	30	94	85	39	50	35	69	76	38	66	25	76	81	96	45	36	71	86	57	84	87	63	62	52	40	63	68	20	88	71	97	100	89	0	43	24	70	11	39	96	20	84	72	86	63	68	86	98	99	90	63	66	66	32	48	43	77	25	95	45	18	62	44	30	94	31	99	96	30	61	18	23	33	54	27	85	36	73	90	79	80	13	47	56	66	46	10	
69	72	83	59	46	52	15	18	54	89	32	91	64	66	40	34	33	97	56	72	47	13	49	35	84	89	79	100	45	91	51	40	95	66	46	20	59	67	56	95	51	88	11	30	83	51	63	27	98	45	10	34	0	69	56	48	25	24	71	26	43	90	79	27	14	27	57	45	63	94	28	24	19	20	26	13	79	31	95	72	92	47	96	61	72	45	14	67	32	15	42	47	90	60	90	30	13	30	62	32	42	65	33	83	49	
55	42	88	25	71	21	27	58	26	25	86	15	63	50	19	45	80	51	53	60	26	11	34	72	65	50	56	90	65	78	12	48	82	90	79	53	35	56	17	96	10	87	72	60	94	21	77	28	35	100	91	77	37	0	44	66	66	40	81	39	83	56	37	41	84	43	97	24	97	74	85	32	75	87	60	20	62	59	83	47	82	74	69	87	41	38	26	40	89	70	15	48	63	53	70	94	53	16	54	74	51	12	33	57	87	
33	29	67	54	40	39	66	66	19	81	83	36	93	79	31	74	84	50	31	89	14	13	41	16	32	65	80	33	90	58	97	76	16	29	96	98	97	83	55	20	74	63	92	15	10	61	56	92	94	91	19	13	88	86	0	59	11	10	95	15	49	48	65	20	56	18	28	77	82	40	88	78	40	79	97	28	19	95	67	59	39	35	37	50	78	66	87	49	54	15	93	31	91	19	64	70	74	40	57	44	77	55	54	53	97	
15	33	44	88	93	20	41	64	37	13	22	65	94	71	98	50	72	89	19	46	63	18	36	97	42	100	66	97	67	55	75	91	18	25	83	80	77	76	14	85	98	54	48	39	13	96	56	21	69	100	57	28	66	55	19	0	53	64	76	81	16	19	72	36	47	36	18	22	25	49	87	56	58	23	80	62	40	99	98	61	32	50	53	30	34	61	17	26	10	82	96	15	75	47	78	87	66	30	11	99	97	59	60	37	40	
55	94	93	72	23	23	44	100	77	70	92	82	27	77	66	75	55	22	68	30	91	90	89	15	64	79	20	33	96	64	30	46	98	52	100	81	62	65	94	72	44	58	92	98	52	65	14	71	37	30	24	53	80	36	72	12	0	100	44	26	43	96	89	13	82	52	56	75	48	53	28	37	53	88	53	46	84	59	18	40	27	95	41	21	21	56	17	61	47	88	62	98	38	23	88	18	99	79	22	59	97	84	53	38	59	
90	35	72	34	53	67	90	67	65	27	65	54	54	68	78	68	24	44	55	93	83	38	79	77	29	30	19	87	89	38	39	94	32	43	43	88	62	53	24	47	24	38	79	14	83	77	34	68	56	32	85	24	55	37	89	84	41	0	89	98	66	93	45	92	24	91	92	82	96	51	15	84	59	49	89	29	14	98	98	98	78	61	77	96	36	44	89	88	53	51	24	83	49	53	29	69	33	84	20	43	78	42	99	64	35	
91	80	27	56	60	64	22	73	81	46	12	44	42	48	28	28	98	19	69	22	13	96	70	95	47	20	28	19	33	37	38	55	13	10	36	27	79	45	29	68	29	15	59	89	56	56	83	88	16	25	82	95	69	17	99	29	23	50	0	20	34	99	68	87	70	58	29	25	73	41	82	48	60	62	96	68	11	11	66	69	31	62	86	80	68	54	26	54	85	76	69	59	31	39	45	26	73	97	52	33	88	100	14	64	57	
66	20	38	45	44	41	73	64	67	84	20	79	56	97	48	29	89	82	32	56	81	53	79	39	38	31	15	10	15	71	31	88	27	58	44	93	59	58	91	34	99	84	25	53	32	58	25	40	81	29	45	87	47	32	95	83	39	17	29	0	23	91	62	63	47	100	88	67	94	75	15	44	71	39	100	55	21	49	57	85	33	59	75	85	53	14	91	74	74	47	16	51	11	10	18	65	19	31	48	33	80	58	89	50	31	
87	80	66	63	95	11	39	56	52	80	21	51	91	89	91	61	80	37	88	53	44	72	33	29	60	73	93	67	26	61	18	36	79	81	95	16	14	20	84	40	55	47	43	80	89	23	11	37	48	45	25	50	94	68	28	33	76	35	37	39	0	45	51	90	27	25	96	14	72	89	59	62	29	98	88	56	61	34	24	30	51	24	24	69	94	66	87	89	76	39	61	81	69	78	45	72	74	76	67	44	66	25	86	15	67	
44	30	78	48	12	54	83	63	63	48	19	66	31	100	38	32	92	49	76	64	31	88	27	40	31	56	17	82	66	32	86	53	13	30	49	90	83	14	64	98	13	57	66	83	23	66	88	22	73	12	93	89	33	85	83	11	81	45	69	29	39	0	20	24	64	70	44	88	99	43	10	32	70	80	41	23	74	74	90	15	64	28	69	73	75	24	58	55	96	34	22	85	51	15	52	22	53	38	12	88	15	52	92	79	92	
68	34	81	18	33	89	86	33	12	39	86	67	60	64	91	63	13	22	87	10	38	74	53	67	54	49	20	63	24	23	48	53	34	65	96	10	18	54	84	94	28	18	82	89	65	70	17	49	27	38	17	59	67	61	91	39	94	27	88	12	45	68	0	30	23	61	17	87	78	49	30	24	73	56	40	73	18	33	38	11	31	43	14	10	61	79	21	60	42	74	40	49	63	11	89	23	67	100	70	44	95	19	44	84	47	
60	24	34	46	46	59	20	34	92	99	86	30	64	70	97	75	63	23	42	22	28	28	10	46	22	62	38	95	28	49	45	15	93	15	15	78	58	55	28	31	84	13	90	91	52	17	10	78	15	72	86	57	40	98	68	38	19	29	65	73	68	66	19	0	24	38	60	28	81	29	43	33	99	89	94	93	29	79	95	36	97	27	49	72	69	64	30	93	51	61	49	64	32	27	98	14	11	53	21	98	61	46	10	89	90	
31	36	94	14	100	56	13	27	98	85	32	42	54	47	81	90	30	34	49	73	50	87	20	28	32	28	90	92	73	16	53	30	88	44	71	85	75	41	38	66	30	36	98	95	79	94	69	53	23	70	20	10	44	28	41	54	21	79	41	70	89	45	65	56	0	97	20	97	97	39	57	75	93	42	14	36	27	16	27	21	50	94	16	89	17	44	23	84	69	69	72	82	19	88	12	79	52	99	33	80	68	89	16	18	30	
31	37	54	39	15	62	87	12	56	34	54	54	19	86	10	96	82	83	40	27	46	15	80	30	87	35	36	88	56	75	89	30	77	64	100	43	26	97	89	21	89	31	77	60	72	86	74	13	31	85	40	56	36	35	89	84	93	27	31	59	77	27	21	46	93	0	74	62	76	23	55	61	63	83	74	76	92	29	43	54	69	49	59	48	97	58	93	64	57	26	80	88	70	96	11	89	80	15	84	60	67	62	69	58	69	
61	12	44	73	51	95	92	12	54	48	99	15	95	29	94	75	87	11	93	45	33	11	73	27	21	30	19	41	18	44	44	39	68	92	53	95	94	37	41	55	72	71	68	43	96	35	13	33	30	71	72	38	84	19	25	86	25	21	63	36	22	76	78	23	100	23	0	68	97	11	19	89	62	78	78	91	25	18	68	18	56	89	83	74	25	33	15	19	92	37	81	81	33	82	76	98	78	98	70	48	20	73	95	26	99	
17	65	24	99	66	73	11	88	90	24	71	31	92	10	42	96	43	80	90	59	94	61	76	17	89	51	55	97	59	100	37	15	18	38	53	83	96	54	60	10	81	49	32	32	11	37	56	67	81	12	93	60	35	40	34	78	64	25	11	55	50	68	86	93	79	74	83	0	97	92	34	35	33	50	91	25	55	18	93	40	59	99	30	61	26	38	50	42	26	54	42	71	88	33	23	20	41	69	86	38	94	17	61	30	51	
52	79	11	30	82	87	72	40	87	70	54	23	81	68	72	83	71	87	99	24	89	56	17	22	38	70	33	95	63	97	22	68	19	70	84	19	41	74	27	26	69	18	41	43	72	35	28	93	100	44	62	74	100	48	93	23	13	84	33	29	86	41	54	19	88	59	37	46	0	39	37	59	83	45	40	95	95	99	93	27	34	12	99	100	40	59	44	48	60	17	24	97	68	68	48	47	98	44	21	40	51	86	52	77	56	
75	24	76	76	29	68	89	100	56	94	61	64	51	86	70	17	37	80	87	49	54	16	33	90	74	98	27	36	44	75	58	59	78	54	50	22	68	84	33	79	86	13	37	92	34	57	39	48	10	79	90	17	17	85	45	84	82	65	18	94	85	100	89	18	21	34	90	48	64	0	32	95	23	66	82	74	45	16	82	27	76	87	70	81	64	55	46	72	62	86	71	78	40	66	36	55	97	35	11	89	85	33	91	82	73	
87	23	69	43	23	54	10	60	21	73	100	30	19	53	78	64	79	78	29	18	23	64	37	51	91	61	56	94	43	32	39	22	24	56	95	36	61	13	78	51	99	27	98	13	84	69	74	22	90	22	42	63	65	46	46	27	57	29	69	80	16	89	36	82	57	79	15	94	50	90	0	64	26	61	56	27	13	66	14	64	45	72	60	13	92	80	97	15	70	56	98	18	57	60	40	27	12	16	45	36	70	29	35	12	25	
56	13	48	93	28	97	43	61	65	28	85	78	88	52	79	66	12	43	10	66	17	36	73	73	56	11	76	61	10	66	72	26	56	100	31	31	69	65	55	10	35	60	42	48	50	11	99	99	87	11	88	97	98	30	100	56	34	99	54	94	67	38	83	22	62	25	82	46	99	89	11	0	71	62	11	51	99	81	100	45	98	30	80	30	97	55	95	24	51	86	98	12	20	47	73	59	16	90	77	96	99	66	55	66	73	
79	91	62	67	58	35	42	26	43	87	59	34	55	50	52	63	82	72	18	29	75	11	27	39	11	33	53	91	71	76	89	91	63	60	10	83	31	49	63	31	67	82	56	40	46	48	91	40	82	89	77	94	29	58	35	28	83	81	26	42	70	15	25	55	80	16	95	35	64	86	20	54	0	68	61	14	68	23	45	87	28	64	10	98	50	34	22	94	14	19	63	52	11	89	50	82	19	67	77	60	46	11	78	70	50	
89	99	88	99	12	85	80	36	60	88	74	93	34	63	84	53	74	30	80	75	25	20	56	71	14	59	67	70	40	76	44	10	72	26	50	98	80	39	20	64	76	81	63	82	18	95	88	94	50	95	69	67	76	21	50	42	92	89	82	38	40	38	39	63	13	69	25	91	25	70	63	16	30	0	84	24	39	96	20	63	96	17	93	64	42	22	21	73	11	58	59	10	69	24	99	26	40	44	58	50	93	49	90	59	28	
70	40	97	76	74	60	10	13	17	13	100	73	60	68	43	31	86	18	80	79	55	52	64	90	78	26	18	15	36	75	24	20	29	46	35	69	51	14	55	44	93	58	32	75	64	81	21	99	84	45	46	94	95	62	71	81	46	100	64	98	95	100	10	62	100	70	44	12	57	45	40	52	45	13	0	100	18	20	25	47	81	41	29	50	69	36	10	66	24	88	85	55	11	59	15	64	71	14	27	15	66	70	57	88	35	
35	90	85	27	92	10	15	97	93	47	46	49	100	26	80	60	26	88	22	15	68	80	39	53	26	77	60	81	75	96	45	81	27	33	16	90	59	46	15	56	20	96	78	84	43	20	63	47	67	68	36	51	24	60	15	47	17	33	88	10	51	18	57	71	28	75	65	60	13	28	65	86	32	63	42	0	23	90	44	66	73	98	67	13	87	66	23	75	50	64	28	49	41	75	35	39	92	47	98	35	86	41	26	57	88	
75	41	84	23	64	46	43	99	24	55	78	41	57	93	41	14	56	50	24	29	36	83	14	77	64	42	32	74	30	36	40	92	99	39	60	91	83	47	72	59	66	10	69	96	49	78	32	19	54	19	50	54	11	25	78	37	12	86	31	48	29	22	90	98	16	11	42	85	56	32	63	83	78	16	18	85	0	76	35	65	28	67	38	64	42	94	41	74	67	29	16	99	41	69	10	38	91	87	12	79	42	10	42	63	86	
58	95	90	21	77	59	88	35	96	21	20	56	98	16	14	65	51	43	65	43	83	81	69	97	83	67	87	30	32	35	98	34	45	43	63	71	79	88	43	61	43	94	16	50	94	44	89	75	74	48	65	18	55	71	11	76	57	36	13	91	35	14	31	25	20	68	87	83	57	30	18	17	14	73	60	76	16	0	35	79	90	64	51	80	99	32	89	45	11	27	68	12	12	43	67	59	91	82	25	20	27	77	76	12	53	
41	74	56	71	17	33	54	66	17	66	60	68	53	26	61	14	94	86	41	60	35	51	72	70	90	94	87	33	99	47	14	74	24	56	82	31	90	99	98	29	53	63	88	52	63	74	33	16	80	71	52	100	41	35	52	89	51	23	76	70	73	65	66	98	32	21	13	66	62	84	90	91	75	52	35	77	75	36	0	17	56	83	67	44	65	85	97	25	85	32	56	53	18	12	25	72	99	98	14	54	17	29	67	24	76	
79	25	90	41	25	53	100	82	38	99	90	34	88	74	87	56	36	99	71	52	22	65	80	16	85	87	71	60	91	75	81	66	37	35	49	34	96	50	18	90	87	88	77	66	99	42	28	58	69	29	52	44	91	98	68	51	64	48	18	70	60	45	40	78	59	25	81	76	54	75	73	57	99	69	34	99	52	100	100	0	43	16	76	29	40	20	26	73	26	87	96	22	93	64	90	71	56	88	30	48	91	29	34	97	64	
89	84	16	14	56	57	57	23	13	49	99	67	12	47	41	28	69	96	100	62	68	51	14	84	97	47	11	87	26	97	30	29	67	96	86	78	96	69	61	31	48	100	86	85	90	62	40	40	82	31	68	28	100	37	31	44	12	85	82	11	38	73	20	38	65	61	99	38	94	53	22	96	75	89	63	24	87	22	50	41	0	11	21	31	75	77	28	43	12	32	36	74	42	46	56	19	79	15	18	26	26	58	98	84	92	
73	30	48	60	25	66	87	74	86	24	47	63	73	34	75	90	74	52	70	78	16	64	26	25	14	57	85	32	82	19	73	44	89	33	15	12	15	43	48	48	52	63	28	32	92	90	29	83	64	93	42	11	89	54	49	34	46	22	97	39	28	33	17	56	100	47	80	61	95	85	38	73	25	76	95	17	69	27	84	51	62	0	64	35	82	23	83	94	64	57	13	87	43	47	55	13	25	71	60	70	90	79	33	73	38	
39	51	34	90	57	21	17	24	38	66	93	26	98	80	81	25	11	100	20	57	91	60	26	42	100	18	75	79	56	30	55	19	53	84	18	79	15	36	73	97	78	80	76	34	40	36	99	38	66	15	15	75	26	81	74	74	44	100	51	86	25	11	12	50	33	68	41	92	25	80	33	83	12	36	71	56	90	36	12	31	89	57	0	94	37	91	69	37	25	90	60	97	28	41	83	53	64	74	69	92	100	87	62	80	86	
81	46	95	79	67	19	49	99	64	12	74	87	57	84	87	40	69	78	26	91	33	99	84	62	90	97	60	51	71	68	50	48	100	17	49	38	91	71	48	100	58	79	22	38	44	67	33	52	89	53	16	86	97	58	40	71	62	22	80	96	63	41	96	99	56	61	33	62	64	10	46	43	74	58	19	58	28	74	67	10	84	69	86	0	25	25	93	100	16	93	67	50	35	46	26	37	62	79	41	77	73	62	96	84	10	
22	26	10	23	58	83	14	32	83	50	57	78	97	78	22	11	75	99	61	100	15	52	79	50	14	85	35	62	77	44	15	31	85	15	13	42	79	52	13	58	78	62	18	34	59	95	78	96	97	76	54	31	65	11	66	90	99	28	43	68	68	14	44	38	22	47	58	23	75	95	44	22	19	71	79	21	45	98	67	76	65	63	51	31	0	72	99	41	58	30	22	11	16	38	30	51	43	74	48	12	51	57	92	78	25	
74	98	87	59	40	12	56	92	87	16	63	43	51	54	34	24	12	95	23	28	93	36	85	90	77	78	43	97	87	94	24	29	13	85	84	98	86	54	28	17	94	63	94	87	91	88	12	23	67	12	51	43	52	80	46	100	13	92	80	91	74	22	97	43	49	72	95	22	24	31	42	79	66	36	40	90	40	38	62	46	80	59	94	74	30	0	15	53	33	65	59	83	42	98	33	58	68	46	16	100	59	53	60	78	94	
51	12	61	30	27	37	58	22	65	15	50	33	19	25	40	49	29	27	91	54	55	37	21	59	30	46	71	97	98	26	77	52	88	65	66	28	56	98	37	54	23	91	75	40	12	13	83	51	35	100	49	80	62	53	98	39	22	49	11	99	98	20	49	89	99	80	68	92	57	96	61	23	40	42	88	29	73	85	16	59	70	14	93	59	11	77	0	95	61	60	33	97	70	69	89	64	12	99	43	31	34	90	51	65	16	
30	10	81	27	96	76	45	28	99	69	64	48	81	42	78	50	20	32	26	85	23	70	69	49	91	26	17	13	66	20	71	94	42	57	96	70	25	26	48	100	66	14	45	78	37	66	21	89	82	83	47	24	78	25	95	45	99	40	18	56	18	95	95	72	15	61	91	31	81	69	78	82	78	98	63	38	100	60	48	53	33	36	83	80	18	57	31	0	83	38	21	87	31	24	33	62	36	36	85	23	89	39	57	19	95	
58	83	58	50	38	82	69	79	69	23	51	96	59	14	47	87	77	40	76	42	72	85	32	63	55	13	48	36	28	13	72	44	73	18	57	36	77	38	57	17	34	53	56	87	14	60	33	62	38	49	51	56	25	33	74	88	41	81	59	74	19	18	76	59	99	55	76	84	31	37	44	45	54	14	52	86	99	98	41	83	16	70	25	52	94	60	81	80	0	44	45	65	96	74	21	36	10	11	47	22	42	63	73	27	19	
52	44	38	21	47	60	26	71	89	13	21	52	26	43	79	47	43	24	19	84	58	36	52	73	68	78	43	78	90	92	14	70	68	23	16	74	48	79	82	56	26	18	66	83	32	71	24	61	97	14	42	66	84	98	86	77	50	80	73	98	42	59	54	76	38	36	43	83	85	85	43	36	76	51	16	18	31	39	75	82	63	64	86	12	10	17	82	12	41	0	84	86	34	12	17	93	60	67	22	47	58	79	23	99	45	
61	57	58	52	16	74	96	37	43	22	44	63	74	56	87	12	54	69	14	53	87	76	99	61	78	54	96	16	72	84	35	53	47	73	68	22	99	50	74	83	20	63	71	27	58	43	77	49	23	89	47	25	35	92	27	22	47	11	56	51	18	55	98	70	62	90	93	88	46	38	23	28	74	83	53	15	86	80	55	99	39	43	49	33	32	22	17	79	37	70	0	13	38	39	31	37	34	34	20	61	11	48	22	77	90	
16	20	41	30	18	17	65	74	84	77	97	51	46	13	96	12	14	56	79	88	69	59	13	29	16	17	36	66	34	47	85	37	93	38	49	33	100	52	19	47	64	57	27	79	16	75	95	64	38	45	68	36	19	19	26	93	75	29	23	18	57	68	20	95	85	26	37	59	39	86	14	63	47	72	91	57	47	29	22	20	20	29	35	53	44	74	41	63	39	75	68	0	41	46	28	68	23	100	43	41	69	40	78	19	36	
23	15	56	30	88	92	100	49	65	68	39	74	62	91	21	83	29	72	66	57	79	48	92	25	16	32	10	99	21	84	34	43	62	17	40	78	49	72	54	77	95	33	27	46	41	41	29	66	49	13	23	63	18	20	82	58	27	58	62	85	25	41	31	95	33	40	19	86	43	68	39	46	96	16	95	15	73	67	65	80	52	19	79	36	56	36	66	84	74	93	26	44	0	57	37	87	83	75	39	75	24	16	76	82	22	
68	26	66	25	46	28	33	61	96	22	66	25	80	77	15	73	73	34	63	65	12	23	75	30	82	67	95	96	27	81	45	30	58	93	37	73	44	38	13	58	24	26	15	35	72	46	63	75	41	15	76	32	58	70	16	50	77	81	65	10	78	87	39	72	55	20	98	28	59	17	39	49	52	59	77	77	12	66	75	86	51	15	57	73	48	17	95	88	93	46	12	61	30	0	30	48	52	10	90	34	94	76	14	28	42	
42	40	100	39	39	18	57	62	85	62	49	66	88	19	24	68	22	56	28	48	46	57	85	53	89	71	74	12	17	42	100	42	97	18	16	33	87	85	51	75	52	27	20	17	67	32	55	93	58	19	26	41	56	83	87	17	58	100	46	63	31	61	52	17	54	21	56	60	36	83	86	12	73	35	10	28	78	21	95	17	29	67	92	93	24	16	69	27	58	30	36	26	99	82	0	69	81	65	26	64	91	76	21	85	68	
64	95	53	32	72	75	14	80	83	66	46	20	69	100	14	58	90	11	84	71	28	22	59	18	25	85	89	52	19	56	29	66	40	21	31	98	90	98	40	76	67	10	66	91	61	88	20	79	11	66	96	19	68	24	81	62	20	34	17	12	70	11	60	11	51	36	40	65	78	20	68	29	10	70	86	76	19	84	80	82	20	45	27	28	96	71	76	84	49	53	28	83	83	38	27	0	83	50	66	92	51	82	94	73	90	
75	33	72	36	40	76	61	70	36	41	73	84	51	64	28	81	72	18	96	33	52	23	77	47	70	99	48	15	37	56	25	27	42	92	60	29	69	25	72	70	22	50	93	85	70	66	29	98	94	67	21	38	26	79	46	82	20	81	87	88	33	91	87	70	94	74	88	56	69	91	30	40	55	70	20	92	12	90	63	62	88	77	40	56	25	84	22	98	28	18	66	57	95	47	28	48	0	40	15	19	13	20	71	76	74	
65	100	50	90	41	35	14	69	95	21	30	79	80	45	89	61	62	32	39	52	50	25	31	40	65	83	24	28	60	20	95	71	30	67	63	34	82	62	87	94	27	92	90	47	55	31	55	91	51	10	25	51	56	99	41	40	10	64	25	65	29	35	58	68	46	39	70	87	100	36	97	24	85	69	14	59	15	10	90	90	91	70	79	80	40	49	23	54	37	88	36	56	61	99	78	24	53	0	43	79	87	75	18	34	61	
46	21	66	74	84	13	60	17	29	74	28	21	27	38	40	66	86	56	10	65	73	81	65	87	65	69	59	73	78	69	29	44	23	17	71	71	47	80	27	59	100	62	83	97	67	65	50	17	25	51	19	55	46	96	52	17	24	27	61	66	39	21	21	37	86	73	12	12	80	61	88	54	22	97	27	48	38	24	86	71	41	28	54	48	66	60	44	91	94	56	32	42	61	66	22	38	100	89	0	14	11	86	63	11	99	
63	32	21	71	11	50	86	15	42	34	47	44	58	34	24	35	94	43	62	96	50	21	63	50	14	44	82	55	41	92	95	83	22	45	54	22	33	48	36	75	40	87	33	39	31	11	29	89	27	70	41	18	89	95	34	33	66	66	73	42	67	89	43	81	32	20	42	15	58	58	53	76	29	38	24	76	56	12	78	23	80	27	88	23	40	64	51	27	82	98	91	51	84	35	66	46	42	44	58	0	10	78	32	30	77	
55	26	58	61	25	17	65	89	90	17	91	15	54	23	18	93	25	43	42	82	56	32	96	10	18	14	31	31	94	28	22	16	87	45	63	29	51	22	95	39	45	55	55	64	12	22	25	62	13	76	64	64	99	88	30	40	62	97	76	42	31	54	58	43	87	62	15	52	78	10	41	32	21	91	90	17	11	36	65	14	50	64	22	93	45	55	47	67	12	46	15	82	18	100	18	41	63	86	43	16	0	27	60	30	47	
30	39	53	69	55	13	45	70	30	60	81	16	43	70	80	14	13	88	85	76	85	53	53	25	37	81	19	42	81	76	69	18	27	62	32	62	27	65	30	10	54	77	28	90	75	63	18	28	78	91	99	73	11	38	97	65	75	40	25	12	99	57	12	84	89	19	85	20	84	95	65	64	18	89	16	81	15	12	29	38	35	19	81	81	13	37	31	42	39	39	43	76	84	42	57	41	83	42	94	13	97	0	96	91	68	
88	80	81	10	87	79	10	84	75	10	21	82	19	70	52	26	34	85	19	77	53	75	10	85	96	60	71	36	37	39	57	85	66	70	67	19	67	29	93	16	100	91	82	51	100	69	49	98	98	59	33	38	100	51	50	60	53	20	55	11	35	22	41	51	82	62	82	47	17	72	51	77	73	36	92	19	87	75	30	56	70	100	88	84	52	17	24	88	41	26	90	25	28	99	25	86	44	82	23	85	15	69	0	84	49	
50	36	95	64	89	96	36	36	11	56	61	17	35	89	85	100	78	92	21	13	51	25	36	73	67	78	74	16	94	18	64	75	47	86	43	32	87	91	69	28	63	39	40	39	21	32	79	45	25	31	77	21	28	13	26	77	69	37	18	69	60	37	76	92	74	88	48	96	41	13	35	36	40	97	92	32	19	100	17	38	71	78	49	36	12	69	26	89	87	27	61	36	92	26	92	20	20	53	99	58	14	80	54	0	91	
92	26	96	94	90	73	80	45	69	22	14	89	81	63	76	62	77	52	59	15	63	94	63	74	13	72	51	13	52	20	16	39	38	87	37	85	88	60	94	88	12	95	20	90	32	78	32	20	72	72	84	35	48	97	32	94	42	59	23	68	89	87	69	81	12	89	47	88	64	44	81	81	50	50	91	30	93	19	19	44	94	25	43	63	64	11	80	12	82	67	20	44	70	97	27	49	35	16	10	10	20	97	41	43	0	
26	39	71	55	88	39	71	40	39	35	58	81	77	62	59	80	9	22	66	56	85	63	13	89	30	62	42	27	77	17	44	29	61	19	26	54	81	38	8	64	74	56	49	64	91	
39	26	55	26	50	31	64	16	47	41	24	57	45	23	45	41	46	16	55	30	56	32	39	50	23	30	25	29	57	54	5	47	27	55	38	27	46	41	46	43	62	40	26	53	52	
71	55	26	78	80	85	18	70	40	40	72	108	31	57	100	59	71	60	109	25	103	81	61	71	75	32	32	44	110	87	55	95	36	91	48	29	85	93	74	96	9	95	80	108	70	
55	26	78	26	39	23	89	15	73	66	9	31	60	26	24	42	63	35	33	53	31	8	60	45	26	48	51	54	32	65	23	48	45	64	62	49	28	34	63	18	86	19	8	32	49	
88	50	80	39	26	62	96	50	93	87	32	46	50	28	58	21	96	66	64	59	34	32	90	12	63	48	66	78	52	101	45	86	46	101	87	56	14	73	96	47	89	54	47	65	16	
39	31	85	23	62	26	92	16	68	62	30	42	74	44	21	62	48	28	29	61	48	30	48	67	11	60	54	49	39	46	32	25	57	43	55	57	51	12	47	26	91	17	15	26	70	
71	64	18	89	96	92	26	79	33	36	84	120	49	72	109	76	68	65	118	38	116	94	58	88	81	48	38	45	121	85	66	97	51	89	45	41	100	99	71	107	10	104	90	117	87	
40	16	70	15	50	16	79	26	60	53	18	44	58	29	30	48	48	20	39	46	46	23	45	54	13	44	41	41	44	51	16	37	41	51	48	42	42	28	48	29	77	25	12	38	57	
39	47	40	73	93	68	33	60	26	7	71	104	60	65	88	77	35	41	97	39	104	80	26	89	57	49	27	19	103	52	52	68	50	57	14	40	92	72	38	89	39	83	71	94	89	
35	41	40	66	87	62	36	53	7	26	64	97	56	59	81	72	32	34	90	34	97	73	22	83	51	45	22	12	96	49	45	62	46	53	9	35	86	66	35	82	40	77	64	88	84	
58	24	72	9	32	30	84	18	71	64	26	36	52	17	33	33	66	36	42	47	33	10	61	37	31	41	47	53	38	70	19	54	37	69	62	43	24	42	66	26	80	28	16	41	40	
81	57	108	31	46	42	120	44	104	97	36	26	85	51	24	60	90	65	23	83	13	26	89	57	51	76	82	85	7	87	54	64	73	85	92	79	32	48	88	16	116	25	33	26	61	
77	45	31	60	50	74	49	58	60	56	52	85	26	35	84	29	80	58	93	22	78	61	70	40	68	15	36	53	89	93	42	91	17	95	61	23	58	85	82	77	41	79	65	92	39	
62	23	57	26	28	44	72	29	65	59	17	51	35	26	50	19	69	40	59	34	45	26	62	27	41	25	38	49	55	77	18	66	22	77	59	30	28	56	69	43	66	45	32	58	29	
59	45	100	24	58	21	109	30	88	81	33	24	84	50	26	65	68	47	9	75	34	26	69	66	31	72	71	69	19	64	45	40	68	61	75	72	44	24	67	11	107	5	20	8	70	
80	41	59	42	21	62	76	48	77	72	33	60	29	19	65	26	86	57	73	40	51	39	78	12	60	29	50	64	65	95	36	85	27	95	73	38	30	74	87	56	69	61	49	73	12	
9	46	71	63	96	48	68	48	35	32	66	90	80	69	68	86	26	30	76	59	94	71	10	96	39	66	44	28	87	17	51	37	65	22	23	57	89	47	3	74	72	65	58	73	98	
22	16	60	35	66	28	65	20	41	34	36	65	58	40	47	57	30	26	56	39	67	43	25	67	17	43	28	22	63	37	22	35	41	39	28	36	60	34	30	49	65	43	32	54	69	
66	55	109	33	64	29	118	39	97	90	42	23	93	59	9	73	76	56	26	85	35	34	77	73	39	81	80	78	17	70	54	44	77	66	84	81	50	29	74	17	117	15	29	3	77	
56	30	25	53	59	61	38	46	39	34	47	83	22	34	75	40	59	39	85	26	78	57	49	52	52	11	14	31	85	72	30	74	13	75	39	4	62	71	61	71	33	70	55	83	52	
85	56	103	31	34	48	116	46	104	97	33	13	78	45	34	51	94	67	35	78	26	24	91	46	55	71	80	85	20	94	52	72	67	92	94	75	21	56	93	23	112	33	36	37	50	
63	32	81	8	32	30	94	23	80	73	10	26	61	26	26	39	71	43	34	57	24	26	68	40	34	50	57	61	29	73	29	55	47	72	70	53	21	41	71	17	90	22	15	34	44	
13	39	61	60	90	48	58	45	26	22	61	89	70	62	69	78	10	25	77	49	91	68	26	89	38	57	34	17	86	27	45	42	56	31	13	48	85	50	13	73	62	65	56	74	90	
89	50	71	45	12	67	88	54	89	83	37	57	40	27	66	12	96	67	73	52	46	40	89	26	67	41	62	75	63	103	45	91	39	104	84	50	25	79	96	56	80	62	53	74	4	
30	23	75	26	63	11	81	13	57	51	31	51	68	41	31	60	39	17	39	52	55	34	38	67	26	53	44	39	48	40	26	25	50	38	44	49	54	18	38	35	81	27	19	37	70	
62	30	32	48	48	60	48	44	49	45	41	76	15	25	72	29	66	43	81	11	71	50	57	41	53	26	23	40	79	79	28	77	4	81	48	10	53	71	68	66	41	66	52	80	41	
42	25	32	51	66	54	38	41	27	22	47	82	36	38	71	50	44	28	80	14	80	57	34	62	44	23	26	17	83	59	28	63	24	62	25	14	66	62	47	69	37	65	52	78	62	
27	29	44	54	78	49	45	41	19	12	53	85	53	49	69	64	28	22	78	31	85	61	17	75	39	40	17	26	84	43	34	52	40	47	9	30	75	55	30	70	47	64	52	76	76	
77	57	110	32	52	39	121	44	103	96	38	7	89	55	19	65	87	63	17	85	20	29	86	63	48	79	83	84	26	83	55	59	75	80	91	81	38	43	85	14	118	21	32	19	67	
17	54	87	65	101	46	85	51	52	49	70	87	93	77	64	95	17	37	70	72	94	73	27	103	40	79	59	43	83	26	59	26	77	5	40	71	93	40	14	71	89	62	59	67	106	
44	5	55	23	45	32	66	16	52	45	19	54	42	18	45	36	51	22	54	30	52	29	45	45	26	28	28	34	55	59	26	51	25	59	43	27	41	43	51	41	63	39	25	53	47	
29	47	95	48	86	25	97	37	68	62	54	64	91	66	40	85	37	35	44	74	72	55	42	91	25	77	63	52	59	26	51	26	74	22	54	71	76	16	34	49	99	39	40	41	94	
61	27	36	45	46	57	51	41	50	46	37	73	17	22	68	27	65	41	77	13	67	47	56	39	50	4	24	40	75	77	25	74	26	79	48	11	49	68	67	63	45	63	49	77	39	
19	55	91	64	101	43	89	51	57	53	69	85	95	77	61	95	22	39	66	75	92	72	31	104	38	81	62	47	80	5	59	22	79	26	44	73	92	37	18	69	93	60	57	63	106	
26	38	48	62	87	55	45	48	14	9	62	92	61	59	75	73	23	28	84	39	94	70	13	84	44	48	25	9	91	40	43	54	48	44	26	39	84	59	26	77	49	71	60	81	85	
54	27	29	49	56	57	41	42	40	35	43	79	23	30	72	38	57	36	81	4	75	53	48	50	49	10	14	30	81	71	27	71	11	73	39	26	59	67	59	67	37	66	52	80	50	
81	46	85	28	14	51	100	42	92	86	24	32	58	28	44	30	89	60	50	62	21	21	85	25	54	53	66	75	38	93	41	76	49	92	84	59	26	62	89	33	94	41	36	51	29	
38	41	93	34	73	12	99	28	72	66	42	48	85	56	24	74	47	34	29	71	56	41	50	79	18	71	62	55	43	40	43	16	68	37	59	67	62	26	45	33	99	23	26	26	82	
8	46	74	63	96	47	71	48	38	35	66	88	82	69	67	87	3	30	74	61	93	71	13	96	38	68	47	30	85	14	51	34	67	18	26	59	89	45	26	72	75	64	57	71	98	
64	43	96	18	47	26	107	29	89	82	26	16	77	43	11	56	74	49	17	71	23	17	73	56	35	66	69	70	14	71	41	49	63	69	77	67	33	33	72	26	104	10	17	18	60	
74	62	9	86	89	91	10	77	39	40	80	116	41	66	107	69	72	65	117	33	112	90	62	80	81	41	37	47	118	89	63	99	45	93	49	37	94	99	75	104	26	102	88	115	79	
56	40	95	19	54	17	104	25	83	77	28	25	79	45	5	61	65	43	15	70	33	22	65	62	27	66	65	64	21	62	39	39	63	60	71	66	41	23	64	10	102	26	14	14	66	
49	26	80	8	47	15	90	12	71	64	16	33	65	32	20	49	58	32	29	55	36	15	56	53	19	52	52	52	32	59	25	40	49	57	60	52	36	26	57	17	88	14	26	28	56	
64	53	108	32	65	26	117	38	94	88	41	26	92	58	8	73	73	54	3	83	37	34	74	74	37	80	78	76	19	67	53	41	77	63	81	80	51	26	71	18	115	14	28	26	78	
91	52	70	49	16	70	87	57	89	84	40	61	39	29	70	12	98	69	77	52	50	44	90	4	70	41	62	76	67	106	47	94	39	106	85	50	29	82	98	60	79	66	56	78	26	
1849		1794		512		2009		5103		4836		2040		2418		2850		250		1056		4560		1156		2916		828		1316		2484		1428		4992		819		6930		3834		1836		3186		4214		1491		78		684		4941		4260		676		1512		1344		5229		1971		418		4851		4148		480		6600		2052		4224		1800		4235		3245		
2091		312		4473		1278		1175		480		6912		328		1320		2352		1581		2303		2500		1265		1110		2583		2107		684		2538		1710		2499		1750		4136		4116		494		2844		2244		629		1421		4400		336		968		759		4950		2520		2310		1476		1120		2254		1890		2730		1952		1134		3285		884		
1975		1722		3869		2046		810		2226		8811		3608		8148		4680		1127		3608		2160		1767		1768		1020		7482		3360		3658		3570		1292		1118		6480		1275		1998		3362		3306		2584		3136		4324		2555		3042		1216		5704		2574		4224		1053		3770		1118		630		6396		1680		1677		5310		1296		
4730		1457		3819		1760		150		4158		6636		1196		4250		3239		2664		5782		1548		1728		6138		504		3255		4736		5254		4464		1440		960		5185		84		1625		1258		1392		6603		1792		7575		1638		8010		560		7676		4131		3036		1944		4758		8928		4424		5776		620		4160		5994		80		
1944		96		4346		1440		2484		3136		3111		540		1936		1517		756		2074		675		1701		2832		2948		1134		559		1140		2465		2220		2556		2905		5400		1472		1147		1633		1925		1220		3774		630		1564		672		4940		3162		2054		3950		2214		3612		4370		840		3870		2813		1155		2912		
2622		500		3395		3256		3696		4840		3871		2808		3196		2646		1221		5402		1700		782		4824		1320		6200		3724		5236		1067		3196		3102		4732		2142		4656		360		1060		1836		6900		6808		1357		5184		340		2584		945		480		2142		5808		5103		3162		3741		5456		3072		6384		1302		
600		2867		1200		4248		6162		3572		1581		4914		406		1568		6298		2781		1908		2640		6417		4080		1298		850		9588		735		3465		1001		1715		3456		4620		2790		770		3069		1040		4864		2499		1932		2822		3555		2592		2160		7055		2856		4340		7560		1350		1827		3796		7400		4402		
1628		450		2352		512		5005		511		3128		686		4828		1344		1700		3348		5751		3880		1343		3591		2756		2070		1846		3420		3192		1771		848		3477		300		3364		864		3172		850		4108		420		1952		1375		850		4640		1232		1672		1656		3848		280		1820		481		882		2232		6370		
336		2058		4316		5874		2548		4845		4704		4794		885		144		5330		2280		3102		5040		7161		2808		860		1550		1700		2508		8536		1606		550		2581		1196		3445		990		518		8178		2442		2914		3127		2438		697		290		2112		3344		4366		552		2054		954		5183		4712		7387		990		
2993		2352		3990		2772		1872		780		3737		2072		4575		1449		1008		3645		8256		2968		1008		6882		600		3132		1820		4392		4968		2800		3763		4836		880		6696		2240		5586		640		1634		1672		720		6762		1440		4402		2484		4980		255		4560		961		7979		210		1768		1357		5986		
5504		2001		2590		1106		575		2556		5568		1375		6840		4209		630		1120		1122		1122		432		841		2088		774		968		980		1595		560		3216		2976		3219		1680		510		5104		3762		4864		264		4697		874		3572		6432		2944		1445		4368		6552		1215		1148		2752		308		748		350		
4697		2565		979		322		624		2236		5665		2035		4876		2752		735		1848		1040		512		2800		1102		1462		3933		3800		4485		195		1036		902		2870		3840		5415		5304		3256		700		1760		1804		1156		918		7482		5976		4898		620		756		5185		391		1666		512		1508		3485		702		
4836		2916		704		4180		1950		5092		1886		5551		7395		1804		3036		1470		2145		2656		6622		798		3267		5751		4872		1568		4543		3315		3458		221		4453		3192		1620		7220		2025		3888		2250		6664		962		1308		6375		4560		3724		7392		5700		1005		5986		3942		3410		8500		180		
693		1110		4958		4048		1738		480		3944		2263		1170		1836		3430		3577		4623		2332		1961		3692		1360		574		1830		3479		3234		4590		928		3600		2162		3080		828		1872		2840		936		1890		2146		1590		884		875		1927		1898		1530		255		4788		7100		3332		2706		3538		820		
4488		1512		207		5451		6715		1162		660		6090		800		1155		1258		1760		3003		5002		7400		5070		5590		969		1308		2673		8798		3948		5076		3773		5621		1739		390		624		2886		1539		2576		2275		840		4505		3321		1333		5785		1638		4623		7469		448		5795		1458		3024		5700		
6688		3864		651		6162		3420		6450		750		5256		4606		1794		5609		6527		837		4592		8686		1100		5544		3717		7040		260		4747		1458		3300		5829		5148		750		1575		1274		9701		8464		5376		6566		2686		1152		2484		1508		3608		7392		5135		3360		300		6270		6966		4360		5330		
1092		3213		960		6580		5040		984		2850		4686		2585		1560		3162		2328		754		1794		7050		1134		3840		5518		3090		2070		7470		4104		4130		901		2516		1716		2412		1040		4200		8645		4050		7760		1775		6305		5546		2475		1278		4140		7708		7832		1160		5016		1554		4488		3111		
3840		2303		1836		2418		5160		1701		5328		1280		5518		1558		595		425		4902		2444		116		1407		1587		1200		136		4928		2485		364		3780		4624		320		4588		6984		6860		1102		3712		2209		1404		840		1464		2964		5183		3864		1152		4958		156		2398		574		792		144		5112		
4582		3854		770		3498		2409		6674		1968		798		1320		754		5040		3648		2430		2400		3654		4806		1160		1242		4800		322		6900		5880		3024		4026		5368		1725		204		713		6762		2886		3139		6000		2241		2310		3096		1547		1140		7031		2501		6552		1780		7708		3484		4560		5460		
2024		2052		7140		3738		6480		1932		1056		1320		1593		4134		4320		6014		5412		4176		3705		7546		1581		1175		2025		2048		3795		950		3465		3984		425		6164		2173		1892		2494		1225		2898		670		6175		345		4455		1220		5250		1456		725		3864		2225		1813		2788		1596		5848		
1264		559		1980		676		504		4968		4221		2754		3450		2688		1376		1554		1316		1768		6156		160		3108		3886		2465		1890		1848		3570		5850		1586		6175		440		774		2655		4108		4465		1989		1890		855		8730		2584		1260		1080		6156		2666		884		3850		3621		3596		5376		1080		
1122		1674		1160		2581		1775		1248		1679		528		6732		2790		1620		2860		2772		100		4929		560		5329		2948		671		385		3555		2464		6534		736		4050		1508		492		2703		1736		2025		550		3570		1166		5670		6200		1248		1971		3780		5402		720		5360		4416		1440		5734		900		
2268		96		4800		1292		3080		828		4592		1242		1880		396		2697		2015		1596		924		4505		704		924		630		3348		1225		1280		2160		2992		3795		2673		1876		234		836		4030		5200		864		4753		250		1134		2511		2068		2014		4416		2365		4998		4730		1824		2890		2640		560		
969		2387		3240		4752		5994		4410		4266		819		696		361		4860		1992		5704		540		3510		6720		1368		456		6570		3240		3570		1220		414		4560		340		3024		1768		170		6724		2838		555		2236		1645		2808		1034		1209		2002		3936		800		2144		3534		2135		4350		3763		7380		
3504		3315		3948		513		1058		1804		3880		660		3219		4800		1424		1890		2773		442		595		2924		5103		3692		2624		2714		1102		638		5929		1824		1320		2704		4154		1656		2976		7308		3255		5808		3792		1245		1404		2520		230		4784		5427		1512		920		2077		1404		1092		2952		
6384		4550		2790		1350		1547		1820		7245		3420		8633		6030		837		1769		2646		2178		1716		1540		3441		4224		2448		6365		1547		1232		6776		696		3640		2610		852		7189		3348		9312		1170		6237		3078		3478		5632		2112		375		5040		5980		2208		2277		2255		3002		3900		1386		
2024		4840		6204		4697		6534		800		3102		1911		2542		4060		1139		8000		1552		3724		4704		4085		2511		2730		4453		7315		3960		3312		2520		4120		1548		2624		1088		3100		4875		836		5841		374		1360		108		588		5025		5940		2816		264		5135		8051		5225		4050		4698		6195		
737		1599		1995		1593		2378		2030		3040		4590		3337		3569		3692		3168		364		1776		3652		798		3726		4950		1380		803		1640		4526		4838		600		4960		858		2450		1722		8820		7636		1406		1344		1290		1634		539		494		1344		7040		3834		5698		2387		6237		819		6552		4361		
1188		540		1066		817		2652		1682		5244		2646		3876		1196		1680		5740		1264		828		5561		980		2059		1800		2660		1660		2079		3564		5828		1088		4929		549		2387		3174		6570		5412		2484		5621		427		1079		3410		576		616		4130		5832		5551		1750		3472		3648		4408		2048		
3330		120		2300		2380		644		518		3538		1995		833		1890		828		3481		3145		1170		2200		2108		1196		1518		5487		275		1400		2013		3960		1760		2340		2116		312		352		5640		1037		405		5445		760		4836		2501		378		1161		1008		780		3358		2204		900		1410		2494		1426		
2080		5720		6600		3844		598		4872		7812		4060		3861		9500		2214		5472		1188		1302		8134		384		10010		7708		8900		5185		5760		3021		8137		748		913		1050		6278		1232		2730		8330		2580		1080		2352		2160		7081		1620		1880		2400		4329		2190		2720		4345		4410		6840		714		
1980		510		2511		1860		3922		2684		496		3234		500		1600		4760		6279		1800		1692		5135		4047		1530		3010		8800		324		5162		3762		1156		4278		2703		580		792		697		2208		5880		1517		5032		2970		960		1276		304		5475		6486		1833		4312		1488		2812		2520		4042		828		
8000		748		1092		5005		920		2880		649		672		1943		6111		2576		2028		230		2610		6478		1160		7644		1475		6424		2755		3570		3300		975		840		3886		1292		2814		3306		5644		7584		2829		3003		855		8526		938		1008		1911		8316		8170		5112		4437		5846		2623		7128		1428		
648		484		6205		75		370		750		2688		182		3105		4599		115		2844		3740		798		1537		1786		5704		759		2204		1392		1462		320		5162		1596		312		3612		2162		2040		2886		1950		1007		1350		1053		3072		649		3784		980		2035		3596		1127		3726		2208		1001		3306		4230		
7644		450		4402		4230		456		924		6952		1377		972		6992		684		3172		1728		2162		2108		180		7830		6076		1350		2860		4488		861		2656		720		4288		3135		1134		6460		2345		7326		3920		5696		3100		1000		3003		1806		1200		2496		7007		1508		1368		1512		5200		5925		184		
1000		630		1548		3220		3496		855		4400		2523		4277		1312		2320		1365		1508		468		2842		1147		4345		928		804		648		3660		2847		2914		1260		836		1440		1880		1914		3685		5148		208		4030		792		2040		1134		672		1610		3248		1140		1166		4743		572		1330		858		1760		
5329		3762		42		4720		8019		4611		1071		3960		3567		2747		1554		3300		1188		1560		10098		2379		6862		4712		9296		1647		2100		1680		2046		6408		1848		2244		2516		966		4368		5518		1026		7760		3382		6231		3250		2108		4002		8064		2508		4998		568		5141		5002		5060		2627		
6804		2116		2133		918		485		1482		5890		1845		5850		1176		2592		1680		4750		2150		5141		1953		3367		4278		649		3420		2356		1512		4644		315		4872		1269		2835		6734		480		3783		3567		5913		3344		5184		5727		5346		580		6800		2576		2184		8800		833		2394		3180		1881		
950		1377		1710		5782		1552		741		1170		4465		1392		3348		4875		960		9300		1702		672		4048		2139		2700		4880		6351		6003		4216		960		1000		1156		2964		4800		1886		2325		612		3640		867		836		400		2070		2627		1408		3136		360		4736		4464		5280		1716		1566		5768		
6460		2280		528		3900		4002		1065		2028		4785		3888		4185		520		2552		1008		1628		3154		703		5810		1122		2668		528		6068		4464		4560		3969		2709		744		910		3225		5187		2210		2925		5332		1380		4611		4900		1288		2457		3483		7227		3198		1798		3120		5888		5915		2112		
9500		6200		2613		5022		2320		2158		2040		6256		7440		5544		3445		7350		2160		1833		3780		1722		2756		1014		9100		2862		3776		2736		7857		1062		1377		4042		4158		1148		7533		4370		2451		4240		1548		4524		4641		2862		2838		8645		10379		4366		5624		2720		4485		6552		168		
2108		5292		132		948		2241		6384		325		6580		1505		2100		2482		4142		1944		4080		9400		2457		3685		812		2507		2444		10080		7470		1938		3000		1406		2905		360		697		2220		6132		840		5428		1292		5220		1012		2580		1044		4968		5670		2716		105		1330		6000		1620		6512		
4565		2813		832		4472		1508		4920		3705		3015		2166		2924		2024		6642		1403		2508		2516		3040		5104		1254		2940		83		3120		1792		2976		4160		1632		1056		312		720		6132		3024		2040		3212		598		6438		3800		156		1708		1890		5100		1750		714		6279		3080		2952		4888		
105		3526		4144		5280		6675		494		5698		1148		2856		532		1357		5920		4029		4480		4640		6642		950		840		6045		1121		2805		756		1568		1001		1920		1235		1755		2490		1848		812		690		567		6048		352		348		969		2706		1776		400		3072		2310		4312		1470		5859		7254		
4264		1786		1938		2560		3744		882		2652		3400		1530		3760		1320		1380		1586		1218		3348		1088		4446		2880		792		507		2405		817		4080		1716		2394		1012		648		1152		2840		884		828		6006		189		4480		2132		380		3332		1260		5162		4118		4183		2679		731		2940		4004		
2304		297		1280		338		2944		476		1634		585		4216		3300		352		4464		2556		1100		1404		4960		1260		294		1800		5073		2538		1462		966		1632		180		5529		3072		1548		2025		3560		638		460		1890		780		3168		3392		2268		560		1600		2432		2064		1104		1512		825		6319		
3159		1862		4042		2262		1377		3910		5076		3362		7081		990		1768		988		2208		2294		2520		1376		7031		610		1102		2800		135		1098		3010		3078		4998		1488		5544		7505		600		2912		3915		700		3245		1424		7221		938		1274		1265		2581		667		5356		2574		2784		3480		2982		
407		1904		5796		2714		7410		2516		3250		2914		3132		2490		3168		4588		6072		1377		3300		6831		1296		312		5670		3910		6391		1134		1260		4836		2064		867		1518		1260		5976		432		792		693		1700		960		1694		3999		3528		3663		1800		4814		1340		4539		1886		900		2320		
3128		1219		4968		3744		130		3290		6408		4845		1092		1376		2040		5428		3772		1860		1449		1176		8134		966		7144		4428		3552		2881		1547		240		4554		3397		5376		5313		6045		4240		4704		8366		1558		6148		7569		1768		378		2542		4752		2668		7216		5785		616		5624		282		
6630		1927		4446		2772		1056		500		2232		1833		2924		5040		1575		3268		1020		1188		3807		2231		4472		896		4399		990		1204		2037		891		540		3224		4554		1260		6510		1849		4823		396		5175		2580		5040		5767		3796		476		5642		1806		936		3828		1075		805		3888		960		
3000		855		4158		1188		3840		1173		4104		378		5005		672		234		2401		3366		1968		2775		3483		2016		1458		2576		1092		784		1200		2666		900		901		2738		3298		1044		1568		4452		828		3066		2312		3180		3828		910		3738		1496		1104		840		1820		2848		1260		1350		1590		
1156		2982		6324		1136		1872		1674		6405		480		8277		3362		1722		960		720		3344		551		3920		5621		3950		2325		4760		884		540		4575		4851		912		4154		4154		5390		867		5700		2067		3190		5900		4144		4290		3904		1900		2880		2888		568		1111		1445		1406		2392		2548		
2535		2856		3008		1400		5698		312		2400		957		4672		5695		1849		3216		7740		1824		1728		3150		705		735		870		3744		3990		3528		3900		7280		1520		3528		6111		5432		3827		1080		4356		1425		6900		555		3300		1700		1364		27		2250		680		8000		1704		1080		2106		4482		
3835		315		4503		1128		2400		3108		4260		598		4914		627		304		2550		1476		231		2744		2100		2970		2479		4389		2574		4455		400		2655		720		819		2418		1961		2397		1566		740		360		5632		2068		5180		2912		1920		2262		3402		3417		1353		6600		4214		2970		5415		1312		
5175		840		3432		945		2016		3366		2525		1860		3045		3078		425		1634		4158		2624		1638		2772		936		2450		768		1728		1536		208		5700		1927		3680		2736		6144		5451		1955		6873		1044		2006		3445		5775		2079		3840		918		616		770		1215		1455		1127		966		759		1170		
2867		1989		2438		1922		3840		2376		9430		3348		3772		7052		2240		756		6279		3876		91		3888		2343		2808		155		4941		2052		2871		3096		4745		1505		3822		4028		6808		1953		5376		4998		3510		7125		4941		7584		4134		2346		1416		966		680		4859		1080		2600		66		6314		
1743		3835		1870		660		2068		2684		6344		3008		3816		4653		1216		68		7308		1961		494		3472		1932		1273		1392		5610		299		2268		4914		3596		4028		4758		7728		5568		504		6586		4312		4290		5475		6880		3420		3564		3201		1450		8010		936		3658		2673		3115		783		2604		
891		544		3822		1148		3015		1216		4104		672		1408		600		1360		4608		2950		3003		5643		2365		1798		110		3102		1410		5402		1960		575		2860		1215		3312		954		702		6390		1290		594		1755		2040		2970		1827		812		2331		1350		1617		1083		4374		2496		1638		2432		2412		
6225		4257		2418		5664		2100		3577		3600		2736		3074		5005		3264		5950		10		510		5229		1890		4740		2128		6164		588		2418		5820		5796		492		726		868		1645		2860		4806		2576		1435		7560		400		5640		2419		1491		5800		3360		5760		1617		1880		5148		1728		3913		1170		
1881		318		627		980		5005		448		5120		1410		2475		3800		729		3835		588		1073		4500		3948		1320		858		1566		2079		5133		2275		1120		3920		285		2870		260		2295		638		2256		330		1470		2912		637		665		3000		4350		2997		1476		660		4032		3800		2236		4888		580		
5280		2150		6622		3000		760		5141		8835		2898		5481		1053		600		1120		3479		396		4150		1659		7568		4234		1344		3080		2550		912		2132		170		1134		4140		4270		1065		2530		6231		684		1716		2436		4743		5200		1716		765		3575		7392		2457		5160		1518		2242		2223		651		
4200		2107		2328		1920		4056		1134		5088		1344		2697		5760		1204		462		2160		1794		285		2220		3864		3358		455		1224		480		1344		1518		610		2387		1360		5712		1632		969		5214		1025		3999		2304		5888		7178		5712		1950		675		1904		426		8840		96		864		468		5980		
3828		1221		7735		378		1739		760		3434		1495		7052		5472		1056		2178		4745		3393		143		1242		4154		1290		1862		3564		728		1024		1188		5096		2436		2356		2457		5056		357		1386		720		3916		2320		3520		2911		6076		3026		957		6402		588		6534		252		198		437		3776		
3990		1419		7905		352		3096		1113		2880		1292		7505		5040		1168		2400		3216		660		476		2016		2970		1920		1800		3300		2240		240		4480		1450		1755		5432		1624		3420		2200		4092		2010		782		3276		1664		2211		2907		1890		2263		3575		176		8649		228		488		275		2700		
1584		2464		1548		2967		3045		4600		913		2200		1500		4465		1606		1748		2350		1659		2898		1164		900		480		3075		876		7252		2772		1118		9964		1496		4320		2537		2623		6072		240		2196		1728		4368		300		1938		1633		6208		2070		650		3344		3696		4288		2016		2088		2289		
2989		460		4732		2600		1596		1110		4416		1491		4876		3128		940		3640		1110		686		2928		1023		880		2262		2146		1701		636		2550		1584		3198		1829		1992		2322		1872		1767		3904		500		2520		1560		2688		4500		1776		3120		2832		4480		3608		3540		2580		2262		1482		3698		
136		473		1518		2745		8835		4606		3366		2346		1870		420		5670		8448		5159		4158		1072		913		36		1836		6586		728		8188		5175		248		5766		2109		1953		1764		450		3655		1463		3936		1480		4216		644		651		2268		7047		2116		485		1080		3920		1344		2968		3096		3135		
612		234		884		1634		2067		1326		2888		152		3920		2793		726		4512		3990		1320		957		3577		4500		448		2365		1188		1450		2322		2091		1288		363		1505		2220		2257		3648		480		1410		1692		3880		2256		1716		2360		3330		1204		572		660		814		420		992		2173		4661		
858		2173		1813		3360		1271		1848		858		4845		3195		3696		3354		4060		304		1518		2592		715		7392		3933		800		1376		2013		1410		2400		814		3472		273		704		780		6438		1128		1998		7134		520		8265		3740		1240		1720		1716		3825		6400		3304		2412		2214		4320		1740		
2449		3591		6048		2914		1248		400		6360		1247		4635		3840		1764		282		4902		936		1892		5270		6336		4284		651		7968		1296		1560		5568		4661		3920		4851		2870		1344		164		3230		1944		4331		3577		5002		6006		1659		2754		3542		4611		765		7888		2116		3104		575		4536		
3476		924		2436		702		480		1248		9405		2340		3870		6216		1260		2730		3828		1053		2436		1333		3045		2842		4230		5734		1500		1656		5248		1809		5100		1560		1820		5986		3276		4500		897		2847		4900		7387		4346		5220		291		3894		2349		1830		9207		2014		1947		3216		1209		
2550		561		2478		2726		7520		4644		3690		4230		270		88		1995		3916		1272		4940		2555		4752		2001		910		1968		1612		3916		1690		285		4697		3182		3280		289		376		2288		1196		2516		4032		451		539		584		1519		2418		5192		576		6660		2640		1656		4928		2240		3276		
8181		3596		4582		2310		1062		5616		8640		5590		7920		3572		1968		5166		528		3393		2625		1932		2996		5850		4212		3038		3927		3000		3400		960		7488		510		4752		4472		1750		6555		4104		7038		1960		8050		2784		5580		2720		8460		2052		910		3696		7200		5922		5658		180		
1566		286		3395		2838		2744		1144		1078		851		3510		3159		540		6696		1150		943		2860		1152		2552		374		1575		495		1564		3772		2058		1364		1845		729		1479		627		4958		6930		1806		5780		672		1440		1596		679		4947		3528		5880		4026		3740		5160		2944		4958		945		
1160		720		5696		2470		4485		135		7872		1260		1420		2730		2482		3906		2212		2695		475		938		3528		2139		1300		1254		650		3069		3519		6035		1386		1755		2900		3233		2736		1710		1332		2200		2790		2982		3074		4154		1350		584		2640		567		6365		1394		931		1056		1650		
3612		483		2820		1824		4437		1406		1482		2070		3344		2294		1932		1827		988		2254		1716		1287		1974		460		806		1472		4575		2109		1480		3675		1860		1265		1653		783		1344		5700		891		1484		672		2950		2340		1120		2064		2976		4704		1200		4565		4230		3135		900		4539		
6006		1443		2278		3026		1040		4565		4067		1218		7200		4218		2425		600		3510		1152		4592		1056		2125		3850		4599		3082		1560		1711		6396		156		2106		1470		4346		1950		3190		7268		1258		1422		3168		2024		4514		1978		1007		2010		2805		4278		2812		3111		1148		5184		975		
725		1456		9405		2464		3666		2074		5088		3195		4680		2760		3100		4810		2850		1314		2350		3913		1240		1216		5346		7220		7134		3712		429		6664		2688		1840		5120		2499		6141		391		1848		940		2886		468		4947		4070		3276		1400		2688		5251		7350		1274		2793		1275		7171		
624		3008		3481		3120		4428		615		5192		2738		1769		1080		1166		4455		4290		5115		4836		3479		165		170		6930		3080		7470		4740		704		5832		899		4896		2520		600		1106		728		555		1254		800		640		1380		516		5467		3036		1232		3315		5084		580		3072		1005		4814		
1424		3355		2520		1809		3400		6216		5394		3536		4320		828		4350		3690		975		3157		4823		1620		2790		1656		1100		3290		1944		3564		2407		608		5070		513		2107		3102		5264		10080		1196		5916		2581		6206		2072		3290		2040		1900		4888		3696		4802		4816		1825		3600		1120		
455		2091		2660		6052		8585		3723		1584		3498		2925		576		5041		4929		2064		2442		5680		6624		462		945		6708		3904		7252		4712		1152		5454		3698		3960		1900		1155		7110		1106		2800		1036		5751		1463		616		2520		1598		3185		325		3080		7469		1242		992		3300		4326		
1480		2555		3422		1692		748		728		2294		4059		6912		4824		1188		2052		420		696		3120		570		7280		3672		5576		666		4312		2312		4320		912		2484		832		2475		5192		2135		8455		2700		1501		2112		8099		2176		1734		1176		4488		2106		2550		4087		605		1118		5916		684		
638		1456		5494		2340		2400		1386		3478		726		3111		2112		2001		2052		3240		2052		1665		2970		1776		330		1932		2156		2736		2924		1088		2108		800		810		1260		1920		3392		3608		1881		1600		1720		3034		2128		1312		4732		2028		1295		1794		5986		1600		1452		1276		1690		
2730		2200		2100		2350		1798		5785		3886		2200		6440		2990		1292		5175		741		1638		4544		290		6308		3640		3871		1600		6000		2806		4500		504		4758		1911		528		3658		5037		5922		1368		4386		1540		5225		5916		1178		2730		7238		924		2835		3009		6270		3180		1975		760		
2170		2646		6097		1488		3230		3115		7416		2263		5696		3280		741		255		1088		1802		2300		2160		7821		3060		2160		1980		300		846		3952		1247		560		5782		1650		3266		756		1440		2356		1888		2688		4524		4898		2914		640		4356		6942		1209		4158		528		1155		2387		3713		
9310		3363		3111		4620		1860		2320		3713		1365		3480		4182		4029		4180		1110		3528		6059		1314		9595		2294		7020		1344		4355		1176		8464		190		3900		3572		2989		6776		5589		8214		3445		6489		1480		4480		3230		3552		1232		7636		2346		7227		5950		1560		5494		8918		810		
475		1232		4234		5160		8835		2200		4615		3375		1131		910		1953		6970		5120		1340		3712		5208		265		756		1491		5074		1170		5780		923		3854		1190		5610		2070		1624		1476		756		3871		3104		1560		594		286		5130		8170		2226		81		4140		5175		1525		1674		1224		1824		
803		2376		2024		2668		490		4347		2562		3337		1152		4071		370		1960		480		920		910		1305		1638		2392		1501		312		2604		1702		3381		2646		4408		210		988		3074		2294		7209		1472		1245		1162		5580		5456		2250		3402		3825		3318		2142		2052		3380		1144		6794		2262		
5762		2142		144		3075		3276		7938		1080		1608		1332		2844		6762		2835		2759		825		3264		3306		6365		2800		10070		2200		2800		790		3420		4410		6745		390		1288		2080		7276		3901		3172		7371		429		2001		3608		2075		7304		5670		6720		2232		583		910		5467		3328		5934		
1856		2623		1860		3480		5451		990		4074		2449		3657		2205		2160		1904		3132		4920		1248		5056		2960		2673		481		5751		5312		3936		4320		2016		440		1314		4575		1768		3417		2880		2852		240		5740		2349		2970		3264		1292		400		646		2911		6566		1395		1419		2754		4752		
4806		1275		1782		3120		75		3968		3201		1428		2444		5720		1089		3404		2448		1334		5742		1540		9409		3685		5184		660		2958		2805		6461		858		640		4312		5896		869		4524		2346		3082		8178		2209		1326		8536		2166		714		4958		2134		3807		7830		1650		2914		5265		1168		
966		650		5915		1722		2294		1131		3808		1326		1120		1156		1935		1518		2730		1920		784		5808		1078		464		5586		2438		7128		2107		880		2625		1440		4488		3196		1426		3762		1769		2310		551		2352		1140		2484		3344		3752		1024		726		3127		2139		2520		2628		1485		7161		
975		2900		5913		3840		3572		2280		3724		1924		1056		1806		4224		5070		1368		2236		4224		3430		1272		465		4160		918		2380		1127		725		6396		405		3762		4032		1705		2790		2574		2244		1449		770		450		3230		1989		3944		2200		1564		3087		7176		2542		1700		490		3402		
4307		385		1380		594		720		3234		5208		2484		6474		3168		665		2160		2142		793		1150		1328		4320		1785		4332		2852		648		1932		1554		1674		2450		1728		3009		1302		3773		1914		1015		5037		1980		1376		4615		1204		400		4209		2673		3800		3354		990		455		1710		2100		
812		950		561		2604		2040		2244		580		3348		1598		1705		5040		4508		1430		4257		5229		4361		1947		2200		7347		117		8272		5610		4557		5978		3599		703		1440		1333		4700		1998		3354		6715		1958		2233		3626		1105		4544		2079		976		3520		1704		1560		4288		7553		3720		
4959		2744		2500		6724		1786		1296		1260		4900		1330		230		6240		8927		3536		5168		2500		5775		2484		3186		3270		700		1110		1566		1760		1479		3621		1058		2263		3234		5650		2343		5841		8500		2254		7275		832		456		1728		6699		3591		5544		441		4845		5589		5029		7308		
8415		2520		6800		4929		1410		5475		4656		4977		6534		5828		2790		1680		1248		2479		3869		1694		6572		2926		6006		3720		3744		3055		4158		400		5396		3366		6912		1530		5092		4520		3135		9800		1862		10735		2280		3300		2494		7917		4494		5270		2403		5451		1464		6004		270		
9108		756		3843		4256		1708		7448		1404		2806		3315		6480		611		3456		2349		640		7584		448		8722		4200		7998		3542		4758		4004		3115		928		2146		2765		4640		4070		7161		6634		4459		9108		3185		8424		6640		1440		2840		1232		7425		3588		4270		4958		4977		4902		816		
570		261		4543		2030		4756		2392		5412		510		675		1444		2001		5369		1537		1312		2024		2950		2960		376		1378		1080		5760		1656		3136		5487		928		1140		1512		1742		4002		3600		1302		3237		2415		1305		2686		1452		2544		910		684		3696		2860		780		2496		1173		5368		
608		1000		3042		4160		4664		374		4836		3648		1504		1554		2408		6536		3807		1071		2592		1134		448		1464		1500		5856		5658		1740		1911		3060		1593		1716		1680		374		7128		1400		3150		1008		2048		1232		2958		2360		3040		2604		520		3900		2025		4743		1564		3132		5980		
1679		2484		9118		4453		3528		3120		7050		720		2108		2378		3762		3792		2016		6612		3850		5452		486		1287		3120		7546		8091		2040		2052		9078		2592		3772		3072		2700		1776		180		1357		320		1360		560		3185		5100		8188		1457		1416		3328		7760		4644		3445		1938		6720		
3816		2052		1539		5185		2660		2990		560		520		2059		468		3245		3640		930		3300		1312		1887		3132		1763		4823		187		5192		4550		2332		3717		2184		374		588		621		3999		770		2394		6750		984		6643		1824		1162		6552		5846		3762		7189		2418		5016		1364		4272		3843		
1782		4653		220		4891		8415		5994		1326		4650		1820		1820		4140		7696		1144		5074		4692		1848		2704		2021		1836		1144		5508		7254		1764		4368		3712		2775		2046		784		2625		2070		3250		2720		2613		2920		1044		1160		8091		1215		3960		5005		1100		8526		6956		6200		3744		
1350		1344		7392		392		3483		1116		7832		176		5740		3520		792		510		610		756		1104		1800		885		672		1792		1820		2730		1118		1232		1225		1617		3822		750		4488		3300		1769		352		1849		3510		2340		5310		3087		1716		2550		3016		1387		6885		1476		296		341		2392		
5742		3686		1566		756		2584		465		1584		1647		1020		7098		1056		1302		5676		682		2328		1118		4575		2209		1740		2294		1311		312		2376		2064		518		3136		6200		6402		1380		760		3230		5096		936		6882		6660		5605		693		2911		6364		533		1330		1700		1156		961		4089		
