105 45 1
0	67	64	6	60	23	32	70	12	77	53	56	59	33	71	15	17	49	87	82	56	74	32	14	53	32	59	52	44	26	38	40	45	48	39	28	8	37	26	68	68	52	73	73	95	47	95	33	47	52	67	41	61	99	16	68	35	55	53	83	2	28	65	55	92	27	98	25	85	70	46	82	3	17	71	71	44	59	76	100	70	28	76	18	1	50	8	17	91	79	75	44	1	59	52	7	55	39	22	39	63	66	71	54	29	
82	0	69	32	1	11	53	78	23	6	8	17	73	30	6	48	46	52	45	16	29	84	70	58	69	34	6	99	55	1	86	3	38	49	58	74	68	54	4	13	98	19	36	62	61	13	56	96	36	84	98	26	26	43	82	90	25	77	70	46	27	67	12	21	12	55	1	18	60	44	9	69	38	84	13	98	3	9	50	77	94	26	36	77	50	75	68	69	76	4	24	23	57	66	62	38	23	24	66	17	75	16	5	67	13	
95	49	0	92	2	60	73	50	6	45	52	78	7	45	98	47	33	45	75	21	18	38	94	97	26	8	13	53	17	52	11	85	37	43	33	72	58	88	76	84	70	39	94	61	37	54	46	41	25	9	43	48	29	11	22	81	53	67	87	25	72	27	39	9	46	24	80	50	1	27	67	43	19	97	14	80	95	18	61	7	35	30	51	83	84	73	33	81	64	5	5	16	77	7	52	93	23	21	9	70	71	50	27	72	38	
21	24	44	0	87	98	45	4	53	4	76	60	83	33	24	54	44	41	99	97	86	87	32	15	100	64	47	94	70	82	55	58	16	95	83	16	5	35	12	10	52	3	57	86	52	68	74	70	3	20	68	35	7	15	93	23	39	59	17	3	70	77	72	8	59	93	93	44	51	84	92	61	73	52	50	17	98	58	28	54	70	67	10	55	62	67	50	58	59	45	16	51	74	4	6	53	33	4	25	11	39	56	60	62	94	
78	52	49	66	0	41	49	48	72	54	28	61	29	71	54	94	24	42	60	79	93	69	83	53	24	15	90	26	66	1	94	28	86	28	96	51	13	42	71	44	11	77	10	45	35	30	76	34	34	6	58	49	21	12	98	87	50	37	81	17	16	6	15	47	39	89	43	42	66	31	7	82	90	92	91	78	18	58	4	81	53	87	28	87	59	39	82	53	94	43	58	75	89	34	19	75	72	88	8	72	88	36	9	17	42	
10	68	57	82	88	0	64	90	88	49	12	38	39	69	13	8	15	48	71	24	40	98	63	69	91	37	86	80	43	8	50	49	46	50	75	94	31	15	12	9	98	41	24	97	84	20	13	20	34	58	45	59	44	37	39	61	43	15	68	100	70	41	85	82	80	38	1	48	64	65	65	80	38	36	39	34	70	15	30	67	86	32	15	61	1	93	39	52	35	27	30	84	13	64	5	46	38	16	76	67	2	80	57	29	42	
33	52	72	85	24	47	0	6	8	21	57	84	43	84	30	19	36	94	59	37	47	63	95	41	6	45	60	75	87	14	11	67	84	59	66	99	2	93	20	97	53	28	72	60	84	84	66	74	65	35	54	67	33	87	45	92	28	96	12	42	84	97	34	53	54	82	93	67	25	95	60	13	25	89	20	17	84	61	63	84	68	40	88	67	12	1	68	63	46	58	4	36	86	38	67	58	6	75	28	45	18	10	90	100	60	
4	70	49	57	90	44	69	0	49	28	95	25	96	48	13	97	86	22	1	79	6	97	65	58	14	13	83	51	66	51	53	12	91	67	28	39	40	84	25	13	73	65	21	85	3	11	19	37	78	72	67	59	36	16	30	17	23	68	41	89	58	35	44	70	84	80	85	29	27	17	54	8	100	76	13	17	43	78	22	44	4	93	11	27	49	80	26	22	29	39	21	93	77	62	58	36	91	20	12	80	70	2	75	12	90	
66	35	39	22	34	2	92	79	0	73	84	88	13	35	95	37	36	9	58	78	85	50	82	65	44	36	35	29	92	63	75	16	78	26	62	86	32	61	13	38	14	27	13	21	76	8	46	97	24	20	69	9	86	16	13	81	95	5	7	83	15	81	23	40	60	66	6	99	82	42	4	11	98	87	68	84	24	72	59	23	23	1	45	41	94	3	52	38	86	80	61	34	63	66	65	26	3	99	21	65	57	38	13	45	14	
59	55	49	89	9	37	11	30	85	0	83	98	82	80	84	45	65	70	82	47	20	41	94	47	38	52	23	90	99	14	46	69	28	41	74	4	31	20	82	28	72	41	79	73	58	64	80	1	63	35	48	50	53	32	86	14	40	39	85	6	46	77	30	97	100	100	75	35	80	20	61	55	26	21	58	52	75	61	99	80	56	15	11	53	25	58	34	68	7	85	88	34	15	75	67	41	59	56	50	62	93	62	26	4	63	
35	3	18	62	43	57	74	38	37	38	0	59	42	12	33	69	57	88	54	98	7	48	12	100	55	70	13	48	6	45	92	44	86	100	55	13	85	20	67	66	98	46	16	14	29	98	60	86	7	93	95	47	29	47	44	87	20	39	76	82	68	73	69	32	17	69	93	17	1	18	18	20	67	68	52	33	47	33	10	88	45	15	66	95	89	67	21	18	2	17	11	37	57	97	25	3	4	89	89	92	55	18	49	82	94	
59	55	48	76	34	18	52	39	83	97	1	0	46	90	85	26	74	84	43	71	41	53	53	10	41	79	27	31	19	76	63	65	33	16	19	46	54	17	93	41	4	17	57	99	15	34	31	36	17	33	38	65	61	4	34	8	55	50	29	26	44	66	33	1	98	11	32	96	35	17	99	12	5	97	79	23	11	26	44	25	29	55	89	86	68	56	76	91	86	76	24	100	27	38	30	75	100	77	43	65	47	11	19	87	51	
94	90	30	63	98	55	84	6	19	98	77	87	0	52	38	97	20	23	60	90	55	9	78	78	71	6	89	8	100	27	50	69	75	95	69	92	18	82	29	49	92	71	40	17	91	22	55	38	27	81	24	66	34	53	46	61	67	3	82	38	55	97	75	80	76	46	41	25	71	22	67	41	28	35	31	69	96	78	91	3	98	6	41	17	80	2	61	93	11	55	8	56	39	49	40	41	56	95	70	59	2	29	39	75	57	
56	27	12	17	36	81	27	20	42	65	53	8	47	0	10	50	14	22	44	36	100	90	35	44	81	99	31	58	56	15	51	50	73	9	22	18	39	38	27	17	86	25	90	80	97	26	29	55	72	52	49	36	86	42	3	92	96	57	100	41	59	81	41	5	55	14	58	97	69	21	57	84	30	31	98	99	59	34	53	9	81	69	60	21	21	17	29	20	80	88	79	10	17	25	77	52	40	87	34	60	79	99	96	83	78	
69	85	63	77	40	59	43	81	48	70	82	56	30	59	0	90	43	26	47	1	66	10	57	68	67	75	66	99	28	79	1	9	6	93	22	79	26	29	74	30	48	91	93	90	26	76	69	47	48	21	51	90	84	96	98	92	15	27	40	78	78	78	46	42	64	65	75	83	28	79	19	12	79	100	8	43	85	64	95	44	95	80	38	25	83	5	23	10	87	5	96	83	87	52	76	100	42	22	41	11	37	10	21	39	83	
90	97	82	42	82	73	46	42	60	61	67	99	74	1	63	0	90	68	33	24	46	69	26	15	71	60	70	8	88	21	22	74	79	96	72	75	20	22	3	84	77	22	43	28	68	84	6	63	64	46	11	73	2	42	54	11	65	44	3	25	33	64	38	55	77	8	77	5	19	48	84	34	37	86	79	28	82	71	90	88	42	19	56	54	36	73	98	24	15	24	81	83	41	87	61	4	76	49	98	36	73	17	88	32	68	
16	29	91	3	60	95	83	57	22	4	59	65	16	7	31	58	0	22	4	76	7	28	78	38	31	36	97	63	70	35	16	52	57	70	69	81	46	74	17	33	2	45	81	94	57	57	58	99	73	12	52	45	48	55	59	15	73	53	35	59	4	91	76	51	41	47	17	70	4	70	18	26	95	75	83	29	34	66	84	43	45	44	6	39	65	52	21	74	69	52	37	51	13	42	82	3	55	12	74	64	55	52	71	52	73	
98	71	95	39	64	19	49	31	69	71	85	50	81	18	45	24	3	0	88	34	46	68	19	60	36	83	43	6	85	14	93	86	83	3	98	28	74	10	83	79	2	80	61	2	55	63	3	32	58	33	66	82	74	74	69	13	76	32	1	11	57	89	22	62	25	88	9	38	60	81	39	65	80	7	99	60	97	34	87	26	48	16	88	72	4	8	80	19	5	24	69	20	66	35	28	32	3	99	23	67	23	93	7	79	29	
66	39	19	75	26	54	3	29	49	94	97	59	89	35	87	1	20	32	0	52	82	23	55	20	19	65	90	50	28	14	36	19	70	9	5	37	25	30	58	39	36	87	29	92	33	75	67	80	94	52	80	81	31	58	33	11	6	70	20	44	52	33	55	99	62	1	99	53	65	63	20	29	18	45	93	15	40	88	20	76	81	87	83	33	58	61	9	81	11	42	75	33	66	51	51	90	18	46	27	41	46	96	96	49	18	
69	52	91	60	41	75	99	35	39	97	83	10	14	11	79	80	79	39	36	0	25	10	3	13	71	72	9	58	94	59	59	100	58	7	28	38	26	24	82	99	28	14	5	65	58	66	54	36	92	88	8	18	86	49	96	10	60	13	44	13	40	14	67	43	68	26	48	57	79	19	24	16	64	61	49	10	4	35	79	92	42	94	27	25	41	81	15	59	60	82	69	52	83	66	56	39	76	20	13	56	58	71	61	27	78	
12	39	6	13	5	17	80	35	29	85	23	14	51	27	30	29	12	52	15	99	0	91	69	31	23	67	17	20	70	12	9	4	13	19	24	85	86	30	37	48	21	67	69	5	77	23	2	89	24	72	19	7	88	65	6	58	94	94	89	36	33	55	18	97	17	72	99	17	65	67	94	8	78	20	45	50	14	50	35	39	37	63	73	94	78	1	87	51	43	40	66	54	63	39	48	94	77	77	27	78	9	67	57	91	31	
6	15	48	72	1	76	63	7	62	70	50	100	77	59	78	3	31	47	97	42	16	0	37	84	60	19	58	82	6	47	78	40	44	33	30	92	31	52	62	16	26	95	99	51	91	50	1	28	100	91	3	5	6	91	16	54	94	31	30	37	10	97	45	66	45	59	95	52	51	38	69	54	42	5	81	11	96	59	69	65	11	82	7	64	53	17	38	75	66	68	12	74	60	94	22	7	58	37	97	18	82	27	91	57	5	
49	100	70	12	82	49	1	20	8	42	1	11	98	43	60	92	32	4	81	62	23	41	0	47	21	38	65	99	59	25	43	70	22	27	96	3	36	48	14	69	23	28	14	57	69	72	72	79	26	40	100	16	20	12	16	84	7	28	62	59	36	96	36	50	15	27	53	58	87	31	96	2	87	23	91	26	96	25	91	12	37	52	2	42	33	29	59	83	94	94	88	11	92	52	86	14	14	64	15	71	63	88	87	27	62	
3	53	96	37	94	55	97	30	73	58	46	19	18	78	56	55	34	3	49	77	98	49	84	0	14	3	37	86	37	74	65	34	35	24	14	82	35	11	91	20	53	24	52	21	19	7	51	99	51	53	36	37	33	28	62	46	100	50	88	94	83	45	4	28	71	16	96	87	62	94	82	92	95	4	39	18	28	29	29	55	24	1	14	4	11	62	20	16	16	62	55	39	60	46	69	73	31	15	90	11	64	97	61	14	63	
13	93	90	3	61	69	4	61	24	81	17	30	7	17	49	82	69	50	15	53	91	44	24	48	0	82	22	29	66	21	23	32	10	37	1	88	87	20	70	50	26	52	95	11	29	57	20	12	91	86	62	1	83	23	2	86	90	65	65	1	87	24	10	25	87	45	52	60	49	76	1	27	17	87	56	83	98	51	70	62	69	3	28	19	43	100	24	14	43	20	11	35	44	69	47	32	64	39	76	48	43	65	57	7	44	
47	61	62	48	98	24	16	52	44	98	100	43	82	67	54	20	31	79	94	20	4	15	31	74	34	0	99	77	45	3	66	66	17	11	25	78	53	45	53	16	66	60	15	84	92	61	71	20	7	49	38	71	85	41	26	91	24	18	77	93	82	56	55	49	5	54	79	60	92	16	4	72	52	41	6	2	7	6	12	98	39	25	2	37	42	83	95	32	55	34	90	65	54	37	23	16	92	5	23	61	23	57	19	42	19	
64	79	70	4	25	54	84	47	65	97	73	91	34	58	97	97	60	65	3	50	56	75	30	39	50	45	0	93	1	32	76	99	43	10	1	87	46	48	44	35	68	2	56	32	41	79	50	54	30	56	87	38	34	16	87	99	12	28	2	58	88	62	10	81	91	98	76	21	85	18	100	67	35	78	24	56	55	32	9	56	20	40	93	14	50	10	37	58	76	38	69	11	45	93	56	93	73	67	70	3	79	26	86	14	80	
13	47	76	51	1	52	61	2	29	44	19	94	93	78	44	50	8	9	63	95	4	71	44	51	41	8	27	0	25	38	88	18	49	10	8	96	27	39	20	62	99	20	58	46	17	37	1	77	35	10	47	70	97	23	65	18	91	82	85	25	2	57	46	27	52	45	90	6	38	92	53	64	4	98	7	36	55	85	45	97	46	86	2	87	85	1	11	36	1	63	66	75	64	26	60	49	5	15	76	50	91	30	88	97	12	
58	14	72	46	78	88	74	71	42	83	82	85	53	41	59	45	74	74	28	96	75	69	43	42	85	4	12	90	0	42	29	87	25	71	67	43	2	62	49	33	13	52	41	43	49	80	34	86	6	1	41	56	61	83	43	37	43	80	10	49	48	48	57	2	9	33	39	25	64	95	20	44	6	62	60	87	89	80	82	6	80	9	15	41	22	8	32	78	61	24	98	56	89	57	77	64	23	23	42	50	11	75	44	93	79	
12	78	83	5	96	82	18	57	13	8	54	27	15	58	98	65	8	92	15	77	87	51	42	96	14	78	80	96	16	0	27	92	77	42	10	46	43	74	65	80	67	63	30	56	99	69	24	75	1	60	38	83	19	21	67	91	62	31	72	33	78	47	13	15	21	83	86	28	79	88	69	79	75	24	78	57	78	93	99	98	92	82	70	87	42	92	4	63	50	84	27	57	51	79	1	53	29	63	81	7	81	42	55	67	51	
36	95	51	33	63	93	95	48	44	53	5	13	72	28	14	76	79	85	46	69	22	35	46	58	81	92	17	58	100	9	0	66	35	44	21	41	82	65	44	5	29	23	37	31	52	19	34	25	84	80	54	46	39	99	9	17	12	19	27	89	56	76	90	29	91	17	24	75	82	82	84	12	44	93	75	77	22	34	59	59	87	20	69	59	45	100	18	70	57	81	44	28	47	45	43	80	34	16	92	67	14	78	15	33	96	
55	39	14	93	38	74	16	56	99	87	97	20	18	87	39	23	81	92	9	55	27	29	91	80	28	30	5	22	39	94	78	0	23	54	34	60	69	47	48	56	22	78	61	45	92	57	27	30	77	6	80	54	17	84	80	56	80	27	88	89	31	83	46	61	89	89	87	51	91	28	78	78	77	18	97	36	26	70	77	100	84	61	55	14	51	39	40	22	34	99	99	14	45	82	57	87	95	91	28	33	100	1	10	18	93	
4	87	67	73	70	3	100	45	31	10	87	10	9	89	47	30	98	10	50	33	68	73	41	18	95	63	8	97	16	53	78	20	0	94	24	83	7	10	51	58	5	52	45	45	18	9	62	60	53	38	67	38	54	7	71	52	89	90	91	51	35	12	92	6	55	29	100	21	77	99	30	61	86	24	22	77	94	9	95	92	16	45	66	25	46	85	73	51	27	24	48	68	84	100	95	42	59	48	59	68	11	64	69	31	75	
71	86	32	74	29	28	66	36	64	3	13	49	65	33	30	37	15	58	79	82	64	41	75	26	47	66	51	7	86	48	31	85	54	0	23	41	100	60	63	88	11	7	71	15	41	80	81	18	33	61	89	10	58	6	53	90	75	71	52	9	84	76	46	95	51	38	13	42	91	43	96	5	27	46	13	12	50	77	18	79	81	53	25	65	21	58	35	1	75	62	52	91	72	87	64	48	13	73	2	2	19	11	53	23	34	
9	94	6	49	19	49	36	59	35	50	17	30	99	4	47	86	23	54	33	86	77	35	77	69	55	57	40	32	100	43	25	53	57	72	0	28	64	20	48	95	18	91	83	91	71	61	59	31	15	57	40	24	96	87	31	65	35	77	100	82	61	100	79	20	68	85	76	49	25	78	96	60	15	7	52	54	95	9	62	94	5	22	82	23	72	40	49	98	37	51	27	41	86	13	18	84	74	51	99	90	71	34	100	19	28	
90	27	90	90	19	11	19	37	40	84	2	74	58	97	90	72	39	61	24	94	76	28	77	11	39	58	37	30	6	13	2	42	37	16	12	0	81	29	69	17	88	53	20	11	32	20	19	5	48	71	14	18	77	78	41	75	21	38	66	36	1	11	30	12	53	39	38	22	100	29	43	25	74	52	2	8	61	55	46	94	31	91	44	86	19	30	81	83	21	61	43	38	8	23	33	75	34	84	19	72	82	1	71	9	91	
91	60	61	44	2	79	47	30	50	64	94	58	80	51	7	37	30	45	90	94	68	3	35	1	55	93	17	78	78	33	36	69	17	48	63	16	0	66	100	47	97	33	52	50	82	56	86	67	36	70	6	15	45	46	54	60	58	50	32	99	40	60	31	8	42	77	71	75	85	61	63	75	58	26	40	15	96	58	42	26	80	82	21	41	27	9	49	4	100	82	55	12	75	13	52	38	25	91	82	39	39	18	21	98	94	
73	98	73	49	53	56	56	66	8	16	10	89	84	100	66	53	37	79	71	10	79	21	85	25	95	17	1	95	55	94	18	71	82	4	11	73	15	0	4	9	48	96	63	81	9	99	98	38	33	91	80	100	5	56	89	23	16	42	29	100	46	6	64	23	31	88	16	81	26	15	41	49	13	95	22	41	41	38	29	40	74	49	81	60	28	18	73	81	50	78	12	40	10	37	15	15	15	95	86	63	41	93	78	9	55	
77	54	62	72	13	83	57	17	34	60	23	23	24	16	80	65	67	65	76	80	21	73	6	20	24	66	50	7	79	6	44	80	91	51	91	29	100	11	0	13	80	23	4	60	30	49	75	15	75	66	71	55	50	24	52	50	44	56	32	9	9	38	62	16	83	6	21	33	68	90	37	76	12	34	8	30	71	95	37	15	9	62	93	28	9	35	30	49	8	7	98	94	70	97	70	74	23	51	43	79	58	84	62	26	35	
51	40	23	21	32	73	4	11	17	74	49	46	9	88	48	3	53	92	81	40	20	54	28	58	64	54	95	73	16	56	62	46	93	27	38	72	6	25	61	0	88	81	38	69	85	10	98	99	41	66	35	6	48	96	46	15	64	44	4	47	67	34	33	39	65	86	66	58	68	39	38	55	90	6	95	38	84	88	41	33	83	6	82	6	87	40	22	79	87	45	13	40	12	32	33	29	43	85	58	4	69	9	73	30	44	
99	49	11	91	60	45	81	14	87	29	55	21	68	87	92	1	83	84	9	81	49	100	19	65	88	52	9	45	85	34	74	24	86	1	6	29	74	69	81	19	0	71	14	43	59	96	25	72	76	72	13	68	98	61	76	9	79	14	8	35	68	66	24	18	45	90	77	60	22	52	71	1	35	65	4	4	79	84	74	60	21	64	53	10	57	26	12	80	88	7	31	50	21	5	66	7	28	33	82	19	77	57	40	32	65	
31	11	49	48	48	83	79	97	100	47	56	6	87	1	22	57	53	70	9	12	34	44	26	36	43	94	73	2	42	84	100	2	97	17	39	15	42	69	23	73	76	0	36	98	66	7	97	67	1	58	34	21	13	97	55	87	34	47	86	89	22	43	95	5	84	52	75	79	77	25	59	16	87	99	9	23	57	34	34	53	71	52	36	77	23	18	24	62	93	82	18	89	94	72	20	73	62	53	8	97	71	8	32	50	75	
88	51	71	53	52	11	37	3	94	67	83	87	86	87	59	94	70	52	57	83	70	98	48	25	2	50	19	50	16	75	42	36	26	94	50	65	95	37	58	51	82	100	0	96	11	66	26	23	6	65	82	45	96	90	50	32	74	83	57	90	61	41	21	23	40	42	88	58	78	55	65	48	53	7	74	79	39	5	55	83	87	88	59	37	17	82	62	66	73	46	21	10	72	83	78	51	27	65	31	88	61	93	9	35	68	
31	71	17	88	93	98	30	94	62	9	50	5	23	45	83	96	56	29	93	21	15	22	62	89	78	62	33	41	87	8	10	74	15	58	95	5	8	35	5	55	62	94	10	0	81	93	41	72	7	7	47	4	49	37	94	98	32	63	80	64	53	98	66	23	60	20	88	22	51	15	56	78	42	24	64	25	11	63	50	24	87	43	95	53	7	67	54	80	30	87	25	59	29	40	13	32	22	50	90	16	16	96	94	49	71	
13	96	72	88	31	53	8	91	55	27	92	61	29	22	64	77	65	61	43	55	23	10	89	99	78	56	39	13	22	45	70	14	72	87	73	22	65	77	64	98	34	15	45	65	0	27	41	35	87	65	100	63	88	32	3	1	77	4	33	82	93	2	47	18	96	87	34	55	32	28	84	93	44	40	40	50	47	45	50	17	88	68	24	95	38	42	19	29	23	89	70	85	80	1	53	38	28	92	99	33	17	51	73	63	64	
12	83	55	74	2	19	14	23	76	50	57	54	65	96	83	51	26	8	18	20	39	89	4	86	83	76	2	9	50	8	72	32	90	16	92	22	14	83	48	1	87	33	98	85	78	0	58	77	56	83	11	63	28	30	42	10	100	79	36	60	37	47	48	79	19	63	23	62	38	5	55	61	47	77	25	26	47	12	92	30	75	5	51	42	40	49	62	85	90	60	74	28	79	22	38	97	36	5	35	82	70	60	74	86	51	
50	71	93	74	37	12	59	33	98	5	7	6	31	57	22	34	24	59	92	69	17	13	40	69	75	94	28	54	65	58	43	42	12	55	1	93	17	57	99	24	76	97	11	45	7	33	0	30	94	33	71	4	12	2	42	53	89	53	95	36	42	32	3	28	19	55	42	99	94	80	11	64	42	24	19	24	77	59	94	14	22	19	65	9	6	53	87	60	78	58	66	88	70	72	95	21	68	68	8	46	71	69	100	28	17	
8	85	49	38	52	87	94	9	8	66	70	14	98	10	38	65	96	70	62	75	25	41	7	91	13	90	85	62	77	44	17	94	71	47	10	14	93	92	60	8	5	68	25	92	17	82	75	0	98	14	56	70	53	6	18	91	97	83	41	73	85	54	23	8	31	42	53	53	62	13	7	5	23	88	3	8	50	84	37	31	36	84	19	13	14	23	64	77	68	35	45	60	10	13	35	67	44	43	55	43	41	78	88	6	27	
57	35	9	65	47	46	98	10	9	21	87	84	38	50	66	41	32	10	51	48	67	86	40	50	82	56	92	100	34	60	61	26	33	49	19	61	25	83	63	33	27	16	9	61	61	85	97	17	0	3	57	54	10	95	6	80	77	53	27	22	78	48	53	27	50	91	60	3	72	30	7	72	21	87	99	24	24	81	54	29	2	23	96	37	90	94	100	62	66	95	7	56	24	10	20	43	3	94	36	15	48	5	88	96	71	
60	86	76	49	4	47	13	78	77	24	66	30	81	91	4	90	83	79	51	98	90	24	41	92	54	16	96	1	18	25	44	39	40	33	2	19	36	10	36	14	55	98	66	97	91	66	74	16	74	0	96	9	39	18	100	49	94	60	13	58	48	32	89	67	98	6	5	87	25	43	69	82	77	75	42	88	40	20	10	57	3	58	53	95	17	74	68	74	50	23	85	5	34	70	6	87	8	51	95	75	68	8	53	77	59	
72	30	73	39	30	47	98	85	88	84	100	53	30	99	49	72	45	64	76	13	7	46	7	49	71	25	43	39	97	63	54	21	72	65	64	42	13	46	70	36	2	58	63	72	33	46	58	52	56	91	0	35	36	20	84	51	86	52	66	30	50	46	17	62	11	25	68	57	69	4	28	82	17	56	50	33	7	59	12	29	70	82	69	84	31	73	39	25	94	82	63	28	53	94	7	100	31	21	66	44	69	42	81	8	88	
60	19	48	42	74	69	82	32	92	34	31	1	10	87	89	68	62	96	23	93	83	33	45	29	66	74	32	63	17	74	79	96	40	29	68	85	53	82	85	60	59	47	34	59	65	12	87	68	96	100	88	0	37	17	67	2	33	95	13	82	69	85	59	65	85	98	99	89	59	63	62	25	42	37	74	18	94	39	10	58	39	23	93	24	99	96	23	57	10	15	27	49	19	84	30	70	89	77	78	4	41	52	62	40	1	
66	69	81	55	41	47	7	10	49	88	25	90	60	62	34	27	26	97	51	69	42	5	44	29	82	87	77	99	40	90	46	34	95	62	41	12	55	64	52	95	46	87	2	23	81	47	59	19	97	40	1	27	0	66	52	42	17	17	68	18	37	89	77	20	5	20	53	39	59	94	21	16	11	12	18	5	77	24	95	69	91	42	96	58	69	39	5	64	26	6	36	42	89	56	89	24	4	23	58	26	36	62	26	82	44	
51	36	86	18	68	14	20	54	19	18	85	6	59	45	11	40	78	46	49	56	18	2	27	70	61	45	52	89	61	76	4	42	80	89	77	48	28	52	9	96	1	85	70	56	94	13	75	21	28	100	90	75	30	0	38	63	62	34	79	33	81	51	31	35	82	38	97	17	96	71	83	25	73	86	56	13	59	55	81	42	81	71	66	86	35	32	19	34	88	67	7	42	59	48	67	94	48	8	50	72	46	3	26	53	85	
26	22	63	49	34	33	62	63	11	79	81	29	93	76	25	72	83	45	24	87	6	4	35	8	25	62	78	27	89	54	96	74	8	22	95	98	97	82	50	12	71	60	91	7	1	58	51	91	93	90	11	4	87	84	0	55	2	1	95	7	44	43	62	12	52	10	21	75	80	34	86	76	34	77	96	21	11	94	64	54	33	29	30	44	75	63	86	44	49	7	92	24	91	11	60	67	71	34	52	38	74	51	49	48	96	
7	26	38	86	92	12	35	61	30	4	15	61	94	68	97	45	69	88	11	41	59	10	29	96	36	100	62	97	64	51	73	90	10	18	81	78	75	74	5	83	97	49	43	33	5	95	52	14	66	100	52	21	62	50	11	0	49	61	73	79	8	11	70	29	41	30	10	15	18	44	86	51	54	15	78	59	34	99	98	57	25	45	48	23	27	57	9	19	2	80	96	7	73	42	76	86	62	23	2	99	97	55	56	30	34	
51	94	92	70	15	15	39	100	74	67	92	80	19	75	62	73	50	14	65	24	91	89	88	6	60	76	12	26	95	61	23	41	98	48	100	79	58	61	94	69	38	53	91	98	48	62	5	68	30	23	16	48	78	29	70	3	0	100	38	19	37	95	88	4	80	47	52	72	43	49	21	31	48	86	48	40	82	55	10	34	20	94	35	13	13	52	8	57	41	87	58	98	31	15	87	10	99	77	14	54	97	83	49	32	55	
89	29	69	27	48	64	89	64	62	20	62	50	50	65	76	64	17	39	51	93	81	32	77	75	21	23	11	86	87	32	33	94	25	37	37	87	59	48	16	42	16	32	77	5	81	75	27	65	51	25	83	16	51	31	88	82	35	0	88	97	63	92	40	91	17	90	91	80	96	46	7	83	55	44	87	22	5	98	98	97	76	57	74	95	30	38	87	86	48	46	16	81	44	48	22	66	26	82	12	37	76	36	99	60	29	
91	78	20	52	56	60	14	70	79	41	3	38	36	42	21	21	98	11	66	14	4	95	67	94	42	13	21	11	27	30	32	51	5	1	30	20	77	40	22	65	22	6	55	88	52	51	81	86	7	18	80	94	66	9	99	22	16	45	0	12	27	99	65	86	67	54	22	17	71	35	80	42	56	59	95	65	2	2	62	66	24	58	85	78	65	49	19	50	83	74	65	55	24	32	40	19	70	97	48	26	87	100	5	61	53	
63	12	32	39	38	36	70	60	63	83	12	77	51	97	43	22	88	81	26	51	79	48	77	33	32	25	7	1	7	69	24	87	19	54	38	93	55	54	90	27	99	82	17	48	25	54	18	34	79	22	40	85	42	25	95	81	33	9	22	0	15	90	58	59	41	99	87	64	93	72	7	39	69	33	100	50	13	44	53	83	27	55	72	83	48	6	90	72	71	42	8	46	3	1	9	62	11	24	43	27	78	54	88	45	24	
86	78	63	60	94	2	33	52	47	78	13	46	91	88	90	57	78	31	87	48	39	69	26	22	56	71	93	64	19	57	9	30	76	79	94	8	6	12	82	34	50	42	38	78	88	15	3	31	42	40	18	46	94	65	21	26	73	29	31	33	0	39	47	89	20	18	96	5	70	88	55	58	22	97	87	52	57	28	17	23	47	16	17	66	93	63	85	87	73	33	57	79	66	76	40	70	72	73	64	38	63	18	85	7	64	
39	23	75	43	3	50	81	59	60	43	11	62	24	100	32	25	91	44	73	60	25	87	20	34	24	51	9	81	62	26	85	48	4	23	44	89	81	6	60	97	4	53	62	82	16	62	87	15	70	3	92	88	27	83	81	2	79	40	65	22	32	0	13	17	60	67	39	87	99	37	1	25	67	78	35	16	72	71	89	6	61	21	66	71	73	17	54	51	96	28	15	83	46	7	47	15	49	32	3	87	6	47	91	77	91	
64	27	79	10	27	88	85	27	3	32	84	63	56	61	90	60	5	15	86	1	32	72	48	64	50	44	12	60	17	15	43	49	28	61	96	1	9	49	83	93	21	10	80	88	61	67	8	44	19	32	9	55	64	57	90	33	93	20	87	3	39	64	0	23	15	57	8	86	76	44	23	16	70	51	34	71	10	27	32	2	24	37	5	1	57	77	13	56	37	71	35	44	59	3	88	15	64	100	67	38	95	11	38	83	42	
56	17	28	41	41	55	12	27	91	98	85	23	60	67	96	72	60	15	37	14	21	21	1	41	14	58	32	94	21	44	39	7	93	7	6	76	53	50	21	24	82	5	89	90	47	9	1	76	6	70	85	53	34	98	65	32	11	22	61	70	65	63	11	0	16	32	56	21	79	22	37	26	99	87	93	92	22	77	95	30	97	20	43	69	66	60	23	92	46	57	44	60	26	20	98	6	2	49	13	98	57	41	1	87	89	
24	30	93	5	100	51	4	20	98	83	25	36	50	42	79	89	23	28	43	70	45	85	13	21	25	21	89	92	71	8	48	24	87	38	68	84	72	35	31	63	23	30	98	94	77	94	66	48	15	67	12	1	38	20	35	50	14	77	35	67	88	39	62	51	0	97	12	96	97	33	53	73	92	36	5	29	20	7	20	13	45	93	7	88	9	38	16	82	66	66	70	80	11	87	3	76	47	99	26	78	65	88	8	10	23	
25	31	50	32	7	59	86	3	51	27	50	49	11	85	1	95	80	81	34	19	41	6	78	23	86	29	30	86	52	72	88	23	75	61	100	38	19	96	87	13	88	25	75	56	69	84	71	4	25	84	33	52	30	29	88	83	92	20	25	55	74	20	13	40	92	0	72	58	73	15	51	58	59	81	72	73	91	21	38	50	66	43	55	42	96	53	93	60	52	18	78	87	67	96	2	88	78	6	82	56	64	58	65	53	66	
57	3	38	71	46	95	91	3	50	43	99	7	94	22	93	73	85	3	92	39	26	2	71	19	14	23	11	35	10	39	39	33	65	91	48	95	93	31	36	51	69	68	65	37	96	29	4	26	23	68	69	32	82	11	18	85	18	13	59	29	14	73	75	15	100	16	0	65	96	3	11	88	59	76	76	90	18	10	64	10	52	88	81	71	18	26	6	11	92	30	79	79	26	80	73	98	76	97	67	43	12	70	95	18	99	
9	62	17	99	63	71	2	87	89	16	68	24	91	1	37	96	38	78	89	55	93	57	74	9	88	46	51	97	55	100	31	7	10	32	48	81	96	49	56	1	79	44	25	25	3	31	51	63	79	3	93	56	29	34	27	76	60	18	2	51	45	65	84	92	77	72	82	0	97	92	28	29	26	45	90	17	50	10	93	34	55	99	23	57	18	31	45	37	19	50	36	68	86	26	15	13	35	66	85	32	93	9	58	24	46	
48	77	2	24	80	86	69	34	86	67	49	15	80	65	69	82	68	86	98	16	88	52	9	14	31	67	26	94	59	97	14	65	11	67	83	11	35	71	19	18	66	10	35	37	69	28	21	92	99	38	58	71	100	43	92	15	4	82	26	22	84	35	50	11	87	55	31	41	0	33	31	55	81	40	34	94	94	99	93	20	27	4	99	100	34	54	39	43	56	8	17	97	65	65	43	41	98	38	14	34	46	84	47	75	52	
73	16	73	73	22	65	88	100	52	93	57	61	46	84	67	8	30	78	86	44	49	8	27	89	71	97	20	29	38	72	54	55	75	49	45	14	64	82	26	77	85	4	31	91	27	53	33	43	1	77	89	9	9	84	40	82	80	62	10	93	83	99	88	9	14	27	88	43	60	0	25	94	15	62	80	72	39	8	80	19	74	85	66	79	60	50	41	69	58	84	68	76	34	63	29	51	96	29	2	88	83	26	90	81	70	
85	15	65	38	15	49	1	56	14	70	100	23	10	49	76	61	77	76	22	10	15	60	30	46	90	57	52	94	37	26	33	14	17	51	95	30	57	5	76	46	99	19	98	4	82	66	71	15	89	14	36	59	61	41	40	20	52	22	65	78	8	88	29	80	52	76	7	94	45	89	0	60	18	57	51	19	4	62	5	60	40	69	56	4	91	78	96	6	67	52	98	10	53	56	34	20	3	7	39	30	67	22	28	4	18	
52	4	42	92	21	97	37	57	62	21	84	76	87	47	77	62	3	37	1	62	9	29	71	70	52	2	73	57	1	63	69	19	52	100	24	24	66	62	51	1	29	56	36	43	45	2	99	98	85	2	87	96	97	23	100	52	27	99	49	93	63	31	81	14	58	18	81	40	99	88	2	0	68	58	2	46	99	79	100	39	98	23	77	23	96	50	95	16	46	85	98	4	12	41	71	55	7	89	74	95	99	63	51	63	71	
77	90	58	64	54	29	37	18	37	85	55	27	50	45	48	60	80	70	10	22	72	2	20	33	2	26	49	90	68	74	88	90	59	56	1	82	24	44	59	25	63	80	51	34	41	42	90	34	81	88	75	94	21	54	28	20	81	79	18	36	67	7	18	50	78	8	95	29	61	85	13	50	0	65	57	5	65	15	40	86	21	61	1	98	45	28	14	94	6	11	59	47	2	88	45	80	11	64	75	56	41	2	76	67	45	
88	98	87	98	3	83	78	29	56	87	71	93	28	60	83	49	71	23	78	73	18	12	51	68	6	55	63	67	34	74	38	1	69	18	45	98	78	33	12	60	73	79	59	80	10	94	87	94	45	94	66	64	73	13	45	36	91	87	80	32	35	32	33	59	4	66	18	90	17	67	60	8	23	0	83	17	33	96	12	60	96	9	93	61	36	14	13	70	2	54	55	1	66	16	99	19	34	38	54	45	92	44	89	55	21	
67	34	97	74	72	56	1	4	8	5	100	71	56	65	37	24	85	10	78	77	50	48	61	89	75	19	10	6	29	72	16	12	22	40	28	66	46	5	51	38	93	53	25	72	60	79	13	98	82	40	40	93	95	58	68	79	40	100	61	97	95	99	1	59	100	67	39	3	52	40	34	47	40	4	0	100	10	12	18	42	79	35	22	45	65	30	1	62	17	87	83	50	2	55	6	61	68	5	19	7	62	67	52	87	29	
29	89	83	20	91	1	6	97	92	42	40	44	100	19	78	56	18	87	15	7	65	78	33	48	18	75	56	79	73	96	39	79	20	26	8	89	55	40	6	52	12	96	76	82	37	12	59	42	64	65	30	46	17	56	7	42	9	27	86	1	46	9	53	68	21	72	61	56	4	21	62	85	25	59	36	0	16	89	39	63	71	98	64	4	86	62	15	72	45	61	21	44	35	72	29	33	91	42	98	28	85	35	18	53	87	
72	35	82	15	60	41	38	98	16	50	75	35	53	92	35	6	52	45	17	22	29	81	6	75	60	36	26	71	23	30	34	91	99	33	56	90	82	42	69	55	62	1	66	96	44	75	25	11	50	11	45	50	2	18	76	31	3	85	24	42	22	15	89	98	7	2	37	84	52	25	59	81	76	8	10	83	0	74	28	61	21	64	32	60	37	94	35	71	63	21	8	99	35	66	1	32	90	86	4	77	37	1	37	59	85	
54	95	88	13	75	55	87	28	95	13	12	52	98	7	5	61	46	37	61	37	81	79	66	97	81	63	86	23	25	28	97	27	39	38	59	68	77	86	38	58	38	93	7	45	93	38	88	72	71	42	61	10	51	68	2	73	53	29	5	90	28	5	24	18	12	65	85	81	52	23	10	9	6	70	56	74	7	0	28	77	89	61	46	78	99	25	88	40	2	20	64	4	3	37	63	55	90	80	17	12	20	75	74	3	48	
35	72	51	68	9	27	50	62	9	62	56	64	48	19	57	6	93	85	35	56	29	46	69	67	89	93	86	26	99	42	5	72	17	52	81	25	89	99	97	22	49	60	87	48	60	71	26	7	78	68	47	100	35	29	47	87	46	16	74	67	70	62	63	98	26	13	4	63	58	82	89	91	72	47	28	75	73	30	0	9	52	81	64	39	61	84	96	17	84	25	51	48	10	3	17	69	99	97	6	49	9	22	64	17	73	
77	18	89	35	18	48	99	80	32	99	89	27	87	71	86	52	29	98	68	47	14	61	77	7	84	85	68	56	90	72	79	62	30	29	44	27	96	45	9	89	86	86	75	62	99	37	20	54	66	22	47	39	90	98	65	46	60	43	10	67	57	40	34	76	55	18	79	74	50	72	70	52	99	66	27	99	47	99	100	0	38	7	74	22	34	12	18	70	19	85	96	15	92	60	89	68	51	87	23	42	90	22	28	97	61	
88	82	8	6	52	53	53	16	4	43	99	63	3	42	35	21	66	95	100	58	65	46	6	82	96	41	3	85	19	97	23	22	63	96	85	76	95	66	57	24	43	100	85	83	89	58	34	34	80	24	65	21	100	31	24	38	3	83	80	2	32	70	12	32	61	57	99	32	94	48	14	95	72	88	59	16	86	14	46	35	0	2	13	24	73	74	21	38	4	25	29	72	37	41	51	11	77	6	10	18	18	54	98	82	91	
70	23	43	56	17	63	85	72	85	16	42	59	71	28	72	88	72	47	67	76	8	60	19	18	6	53	84	26	80	11	70	39	88	26	6	3	7	38	43	43	47	59	21	25	92	89	22	82	61	93	36	2	88	49	44	28	41	14	97	33	21	27	9	52	100	41	78	57	94	84	31	70	18	73	94	9	66	20	83	46	59	0	60	29	81	16	82	94	60	53	4	86	37	41	50	5	18	68	56	68	89	77	26	70	31	
33	46	27	89	52	13	8	17	32	62	92	18	98	78	79	17	2	100	12	52	90	56	18	36	99	9	72	77	51	23	50	11	49	82	10	77	6	29	70	97	76	78	73	28	34	30	99	31	63	7	7	73	19	79	72	71	39	99	46	84	18	2	3	45	26	65	35	91	18	78	26	82	3	29	68	52	89	30	3	24	88	53	0	93	30	90	66	31	18	89	56	97	21	35	81	48	60	71	66	91	100	85	58	78	84	
79	40	94	77	64	11	43	99	61	3	71	85	53	83	86	34	65	76	19	90	26	99	82	58	89	97	56	46	68	65	45	43	99	9	44	32	90	68	42	99	53	77	14	31	39	64	27	47	88	48	8	84	96	54	33	68	59	14	78	96	59	35	96	99	52	57	26	59	61	1	40	37	71	54	10	54	21	71	64	1	82	66	85	0	18	18	92	100	8	93	64	45	28	40	18	30	58	77	35	75	70	58	95	83	1	
14	18	2	15	54	81	5	25	81	45	53	76	96	76	15	2	72	99	57	99	6	47	77	45	6	83	28	59	74	39	7	24	84	6	4	36	77	48	5	54	76	58	10	28	55	94	76	95	97	74	50	24	61	2	62	89	98	21	37	65	64	5	38	32	14	42	53	16	72	94	39	14	11	68	77	13	40	98	64	74	62	59	47	25	0	69	99	35	53	23	14	3	8	32	23	46	37	71	43	4	47	53	91	75	18	
72	97	86	55	34	3	52	91	86	7	60	37	46	49	27	16	3	94	15	21	93	30	84	89	75	75	38	97	86	93	16	21	4	84	82	98	85	49	20	9	93	59	94	86	90	86	3	16	64	3	46	37	48	78	41	100	4	91	78	90	72	14	97	37	44	69	94	14	17	24	36	77	63	29	34	89	34	32	58	40	78	55	94	71	23	0	6	48	26	61	55	82	37	97	26	53	65	41	8	100	54	49	56	76	94	
47	4	57	23	19	31	54	15	62	6	45	26	11	18	34	44	22	20	91	49	51	31	13	55	23	41	68	96	97	18	74	47	87	61	62	21	51	98	31	49	16	90	72	34	4	5	82	46	28	100	44	78	58	48	98	33	14	44	2	98	98	13	44	88	99	78	65	91	53	95	57	16	34	36	87	22	70	84	7	55	67	5	92	55	2	75	0	95	57	56	26	97	67	65	88	60	4	99	37	25	27	89	46	62	8	
23	1	79	20	95	73	40	21	99	66	60	43	79	36	76	45	12	25	19	84	15	67	66	43	90	19	9	4	62	12	68	94	37	53	96	67	18	19	43	100	63	5	40	76	31	62	13	88	80	82	41	17	76	17	94	40	98	34	10	51	10	95	95	69	7	57	91	25	79	66	75	80	76	97	60	32	100	56	43	48	26	30	82	78	10	53	24	0	81	31	13	86	24	17	26	58	29	30	83	15	88	33	52	11	95	
53	82	54	45	32	80	66	77	66	15	46	96	55	6	41	86	75	33	74	36	69	84	25	59	50	5	42	29	20	4	69	38	70	10	53	29	75	32	53	9	27	49	51	86	5	56	26	58	32	43	46	52	18	27	72	87	35	79	54	71	11	9	74	55	99	50	73	82	24	31	38	39	50	5	47	85	99	98	35	82	7	67	18	47	93	56	79	78	0	39	40	61	95	71	13	29	1	2	41	15	36	59	71	20	11	
47	38	32	13	42	56	19	68	88	5	13	47	19	37	77	42	37	16	11	82	54	30	47	70	64	76	38	75	89	91	6	67	64	15	7	71	43	77	80	52	19	10	62	81	25	68	17	57	96	6	36	63	82	97	85	75	45	78	70	98	36	55	49	74	32	30	37	81	84	83	37	30	74	46	8	9	25	33	72	80	59	61	85	4	1	9	80	3	35	0	83	85	27	3	8	92	56	64	14	42	54	76	15	98	40	
57	52	54	48	8	72	95	30	38	14	38	60	72	52	85	3	49	66	5	48	86	73	99	57	75	49	96	7	69	82	28	48	42	71	65	14	99	45	71	82	12	60	68	20	54	37	75	44	15	88	42	18	28	91	20	14	42	3	51	46	10	50	98	66	58	89	92	87	40	32	15	20	71	82	48	6	85	77	50	99	33	38	44	26	25	15	9	77	30	68	0	4	32	33	24	31	28	28	12	57	2	43	14	74	89	
8	12	35	23	9	9	61	71	82	75	97	46	41	4	95	4	6	52	77	86	66	55	5	22	8	9	30	62	27	42	83	30	92	32	44	26	100	47	11	42	61	52	19	77	7	72	94	61	32	39	64	29	11	11	19	92	72	22	15	9	52	65	12	94	83	19	31	55	33	84	6	60	41	69	90	53	41	22	14	12	12	22	29	49	38	71	35	59	33	72	64	0	35	40	21	65	15	100	37	35	66	34	76	11	30	
16	7	51	24	87	91	100	44	61	64	33	71	58	90	14	81	22	69	62	52	77	42	91	18	8	25	1	99	13	82	27	37	58	9	34	76	44	70	49	75	94	26	19	41	35	35	22	63	44	4	15	60	10	12	80	54	20	54	58	83	17	35	24	94	26	35	11	84	38	65	33	41	96	8	95	7	70	64	62	78	47	11	77	30	52	30	62	83	71	92	19	39	0	53	31	85	81	72	33	73	17	8	73	80	14	
64	19	62	17	40	21	27	57	95	14	62	17	78	74	7	71	70	27	59	62	3	15	73	23	80	64	94	95	20	79	39	23	54	92	30	70	39	32	4	54	17	19	6	28	69	40	59	73	35	7	74	25	54	67	8	45	75	79	61	1	76	86	33	69	51	12	98	21	54	9	33	44	47	55	75	75	3	63	73	84	46	7	52	70	42	9	94	87	93	41	3	57	23	0	23	43	48	1	89	28	93	73	6	21	37	
36	34	100	33	33	10	52	58	83	58	44	63	87	11	16	65	14	51	21	43	41	52	83	48	88	68	71	3	9	37	100	37	97	10	7	26	86	84	47	72	48	20	12	9	64	25	51	93	54	11	19	35	52	81	85	9	54	100	40	59	24	57	47	9	50	13	51	56	29	81	85	3	71	28	1	21	76	13	94	9	22	64	92	92	17	7	66	20	54	23	29	19	99	81	0	66	79	62	19	60	90	74	13	83	65	
61	95	48	25	70	72	5	78	81	63	41	12	66	100	5	54	89	2	83	68	21	14	54	10	18	84	87	47	11	52	22	62	34	13	24	98	89	98	34	73	63	1	62	90	57	87	12	77	2	63	95	10	65	16	79	58	12	27	9	3	67	2	56	2	46	30	34	62	76	12	65	22	1	67	84	74	11	83	78	80	12	40	20	21	95	68	74	82	44	48	21	81	82	31	20	0	82	45	63	91	46	80	94	70	89	
73	26	69	30	34	74	57	67	30	35	70	83	46	60	21	79	69	10	95	27	47	15	75	41	67	99	42	6	31	52	17	20	36	91	56	21	66	17	69	67	14	45	92	83	67	62	21	97	93	64	13	32	18	77	40	81	12	79	85	87	26	90	86	67	94	71	87	51	66	90	23	34	50	67	12	91	3	89	59	58	87	75	34	52	18	83	14	98	21	9	62	53	95	42	20	43	0	34	7	11	5	12	68	74	72	
61	100	45	89	35	28	6	66	95	13	23	77	78	39	88	57	58	25	33	47	45	18	25	34	61	81	16	21	56	12	95	68	23	63	60	27	81	58	85	93	20	91	88	42	50	24	50	90	46	1	17	46	51	99	35	34	1	60	18	61	22	28	53	65	40	33	67	85	100	29	97	17	83	66	5	55	7	1	89	89	90	67	77	78	35	44	15	49	30	87	30	51	57	99	76	17	48	0	37	77	86	73	10	27	57	
41	14	63	71	83	4	56	8	22	71	21	14	20	32	34	63	84	51	1	61	70	79	61	86	61	65	55	70	76	66	22	39	15	9	68	68	41	78	20	54	100	58	81	97	64	62	45	8	17	46	11	51	41	95	47	9	17	20	57	63	33	14	13	30	85	70	3	3	77	58	87	50	14	96	20	42	32	17	84	68	35	21	49	43	62	56	38	90	93	52	25	36	57	63	15	32	100	87	0	5	2	85	59	2	99	
60	26	13	68	2	45	85	7	36	27	42	38	53	27	17	29	93	37	59	96	45	13	59	45	6	38	80	50	35	91	95	82	14	40	50	15	27	42	30	72	34	85	26	33	25	2	22	88	20	67	35	10	88	95	27	26	63	62	70	36	64	88	38	79	26	12	36	6	54	54	48	73	22	32	16	74	52	3	76	15	78	19	86	16	34	60	46	20	80	98	90	46	82	29	63	40	36	38	53	0	1	75	25	23	75	
50	19	54	57	17	8	62	88	89	9	90	7	49	16	10	92	17	37	36	80	52	25	96	1	10	6	24	24	93	20	14	7	86	40	59	22	46	15	94	33	39	50	50	61	3	14	17	59	4	74	60	61	99	86	23	34	58	97	74	36	24	49	54	37	86	58	6	47	76	1	35	25	14	90	89	9	2	30	62	5	45	60	15	93	39	50	42	64	3	41	6	80	10	99	10	36	59	85	37	8	0	20	56	23	42	
23	32	49	66	50	4	39	67	23	56	79	8	38	67	77	5	4	86	83	74	84	49	48	17	31	79	11	37	79	74	66	10	20	58	25	58	20	61	23	1	50	75	20	89	73	59	9	21	75	90	99	70	2	32	97	61	72	34	18	3	99	52	3	82	88	11	83	12	82	94	61	60	10	88	8	79	7	3	22	32	29	11	80	79	5	31	24	36	32	33	38	73	83	36	52	35	81	36	93	4	97	0	95	90	65	
87	78	79	1	86	77	1	82	72	1	13	80	10	67	47	19	27	84	11	75	49	73	1	83	96	56	69	30	31	33	53	83	63	67	64	11	64	22	92	8	100	91	80	46	100	65	43	98	98	55	26	32	100	46	45	56	49	12	51	2	28	14	35	46	80	58	81	41	8	69	47	74	71	30	91	11	85	73	24	52	68	100	86	82	48	8	17	87	35	19	89	18	21	99	17	84	38	80	15	83	7	66	0	83	44	
45	30	94	61	88	96	30	30	2	51	58	8	29	88	83	100	76	91	13	4	47	17	30	70	64	76	72	8	94	10	60	72	42	84	37	25	86	90	66	21	59	33	34	32	14	25	77	40	18	24	75	14	21	5	18	75	66	30	9	66	56	31	74	91	72	87	43	96	35	4	28	30	33	97	91	25	11	100	9	32	69	76	44	30	4	66	19	88	86	20	57	29	92	18	91	13	12	48	99	54	6	78	50	0	90	
91	19	95	93	89	70	77	39	66	14	5	88	79	59	74	58	75	47	55	7	60	93	59	71	5	69	46	4	47	12	8	33	32	86	31	83	86	56	94	86	3	95	12	89	25	76	25	12	69	70	83	28	43	97	25	94	37	55	15	65	88	85	65	79	3	88	42	86	60	38	79	80	45	45	90	23	93	11	11	39	93	17	37	59	61	2	78	3	80	63	13	39	67	97	20	44	28	8	1	1	13	97	35	38	0	
26	39	71	55	88	39	71	40	39	35	58	81	77	62	59	80	9	22	66	56	85	63	13	89	30	62	42	27	77	17	44	29	61	19	26	54	81	38	8	64	74	56	49	64	91	
39	26	55	26	50	31	64	16	47	41	24	57	45	23	45	41	46	16	55	30	56	32	39	50	23	30	25	29	57	54	5	47	27	55	38	27	46	41	46	43	62	40	26	53	52	
71	55	26	78	80	85	18	70	40	40	72	108	31	57	100	59	71	60	109	25	103	81	61	71	75	32	32	44	110	87	55	95	36	91	48	29	85	93	74	96	9	95	80	108	70	
55	26	78	26	39	23	89	15	73	66	9	31	60	26	24	42	63	35	33	53	31	8	60	45	26	48	51	54	32	65	23	48	45	64	62	49	28	34	63	18	86	19	8	32	49	
88	50	80	39	26	62	96	50	93	87	32	46	50	28	58	21	96	66	64	59	34	32	90	12	63	48	66	78	52	101	45	86	46	101	87	56	14	73	96	47	89	54	47	65	16	
39	31	85	23	62	26	92	16	68	62	30	42	74	44	21	62	48	28	29	61	48	30	48	67	11	60	54	49	39	46	32	25	57	43	55	57	51	12	47	26	91	17	15	26	70	
71	64	18	89	96	92	26	79	33	36	84	120	49	72	109	76	68	65	118	38	116	94	58	88	81	48	38	45	121	85	66	97	51	89	45	41	100	99	71	107	10	104	90	117	87	
40	16	70	15	50	16	79	26	60	53	18	44	58	29	30	48	48	20	39	46	46	23	45	54	13	44	41	41	44	51	16	37	41	51	48	42	42	28	48	29	77	25	12	38	57	
39	47	40	73	93	68	33	60	26	7	71	104	60	65	88	77	35	41	97	39	104	80	26	89	57	49	27	19	103	52	52	68	50	57	14	40	92	72	38	89	39	83	71	94	89	
35	41	40	66	87	62	36	53	7	26	64	97	56	59	81	72	32	34	90	34	97	73	22	83	51	45	22	12	96	49	45	62	46	53	9	35	86	66	35	82	40	77	64	88	84	
58	24	72	9	32	30	84	18	71	64	26	36	52	17	33	33	66	36	42	47	33	10	61	37	31	41	47	53	38	70	19	54	37	69	62	43	24	42	66	26	80	28	16	41	40	
81	57	108	31	46	42	120	44	104	97	36	26	85	51	24	60	90	65	23	83	13	26	89	57	51	76	82	85	7	87	54	64	73	85	92	79	32	48	88	16	116	25	33	26	61	
77	45	31	60	50	74	49	58	60	56	52	85	26	35	84	29	80	58	93	22	78	61	70	40	68	15	36	53	89	93	42	91	17	95	61	23	58	85	82	77	41	79	65	92	39	
62	23	57	26	28	44	72	29	65	59	17	51	35	26	50	19	69	40	59	34	45	26	62	27	41	25	38	49	55	77	18	66	22	77	59	30	28	56	69	43	66	45	32	58	29	
59	45	100	24	58	21	109	30	88	81	33	24	84	50	26	65	68	47	9	75	34	26	69	66	31	72	71	69	19	64	45	40	68	61	75	72	44	24	67	11	107	5	20	8	70	
80	41	59	42	21	62	76	48	77	72	33	60	29	19	65	26	86	57	73	40	51	39	78	12	60	29	50	64	65	95	36	85	27	95	73	38	30	74	87	56	69	61	49	73	12	
9	46	71	63	96	48	68	48	35	32	66	90	80	69	68	86	26	30	76	59	94	71	10	96	39	66	44	28	87	17	51	37	65	22	23	57	89	47	3	74	72	65	58	73	98	
22	16	60	35	66	28	65	20	41	34	36	65	58	40	47	57	30	26	56	39	67	43	25	67	17	43	28	22	63	37	22	35	41	39	28	36	60	34	30	49	65	43	32	54	69	
66	55	109	33	64	29	118	39	97	90	42	23	93	59	9	73	76	56	26	85	35	34	77	73	39	81	80	78	17	70	54	44	77	66	84	81	50	29	74	17	117	15	29	3	77	
56	30	25	53	59	61	38	46	39	34	47	83	22	34	75	40	59	39	85	26	78	57	49	52	52	11	14	31	85	72	30	74	13	75	39	4	62	71	61	71	33	70	55	83	52	
85	56	103	31	34	48	116	46	104	97	33	13	78	45	34	51	94	67	35	78	26	24	91	46	55	71	80	85	20	94	52	72	67	92	94	75	21	56	93	23	112	33	36	37	50	
63	32	81	8	32	30	94	23	80	73	10	26	61	26	26	39	71	43	34	57	24	26	68	40	34	50	57	61	29	73	29	55	47	72	70	53	21	41	71	17	90	22	15	34	44	
13	39	61	60	90	48	58	45	26	22	61	89	70	62	69	78	10	25	77	49	91	68	26	89	38	57	34	17	86	27	45	42	56	31	13	48	85	50	13	73	62	65	56	74	90	
89	50	71	45	12	67	88	54	89	83	37	57	40	27	66	12	96	67	73	52	46	40	89	26	67	41	62	75	63	103	45	91	39	104	84	50	25	79	96	56	80	62	53	74	4	
30	23	75	26	63	11	81	13	57	51	31	51	68	41	31	60	39	17	39	52	55	34	38	67	26	53	44	39	48	40	26	25	50	38	44	49	54	18	38	35	81	27	19	37	70	
62	30	32	48	48	60	48	44	49	45	41	76	15	25	72	29	66	43	81	11	71	50	57	41	53	26	23	40	79	79	28	77	4	81	48	10	53	71	68	66	41	66	52	80	41	
42	25	32	51	66	54	38	41	27	22	47	82	36	38	71	50	44	28	80	14	80	57	34	62	44	23	26	17	83	59	28	63	24	62	25	14	66	62	47	69	37	65	52	78	62	
27	29	44	54	78	49	45	41	19	12	53	85	53	49	69	64	28	22	78	31	85	61	17	75	39	40	17	26	84	43	34	52	40	47	9	30	75	55	30	70	47	64	52	76	76	
77	57	110	32	52	39	121	44	103	96	38	7	89	55	19	65	87	63	17	85	20	29	86	63	48	79	83	84	26	83	55	59	75	80	91	81	38	43	85	14	118	21	32	19	67	
17	54	87	65	101	46	85	51	52	49	70	87	93	77	64	95	17	37	70	72	94	73	27	103	40	79	59	43	83	26	59	26	77	5	40	71	93	40	14	71	89	62	59	67	106	
44	5	55	23	45	32	66	16	52	45	19	54	42	18	45	36	51	22	54	30	52	29	45	45	26	28	28	34	55	59	26	51	25	59	43	27	41	43	51	41	63	39	25	53	47	
29	47	95	48	86	25	97	37	68	62	54	64	91	66	40	85	37	35	44	74	72	55	42	91	25	77	63	52	59	26	51	26	74	22	54	71	76	16	34	49	99	39	40	41	94	
61	27	36	45	46	57	51	41	50	46	37	73	17	22	68	27	65	41	77	13	67	47	56	39	50	4	24	40	75	77	25	74	26	79	48	11	49	68	67	63	45	63	49	77	39	
19	55	91	64	101	43	89	51	57	53	69	85	95	77	61	95	22	39	66	75	92	72	31	104	38	81	62	47	80	5	59	22	79	26	44	73	92	37	18	69	93	60	57	63	106	
26	38	48	62	87	55	45	48	14	9	62	92	61	59	75	73	23	28	84	39	94	70	13	84	44	48	25	9	91	40	43	54	48	44	26	39	84	59	26	77	49	71	60	81	85	
54	27	29	49	56	57	41	42	40	35	43	79	23	30	72	38	57	36	81	4	75	53	48	50	49	10	14	30	81	71	27	71	11	73	39	26	59	67	59	67	37	66	52	80	50	
81	46	85	28	14	51	100	42	92	86	24	32	58	28	44	30	89	60	50	62	21	21	85	25	54	53	66	75	38	93	41	76	49	92	84	59	26	62	89	33	94	41	36	51	29	
38	41	93	34	73	12	99	28	72	66	42	48	85	56	24	74	47	34	29	71	56	41	50	79	18	71	62	55	43	40	43	16	68	37	59	67	62	26	45	33	99	23	26	26	82	
8	46	74	63	96	47	71	48	38	35	66	88	82	69	67	87	3	30	74	61	93	71	13	96	38	68	47	30	85	14	51	34	67	18	26	59	89	45	26	72	75	64	57	71	98	
64	43	96	18	47	26	107	29	89	82	26	16	77	43	11	56	74	49	17	71	23	17	73	56	35	66	69	70	14	71	41	49	63	69	77	67	33	33	72	26	104	10	17	18	60	
74	62	9	86	89	91	10	77	39	40	80	116	41	66	107	69	72	65	117	33	112	90	62	80	81	41	37	47	118	89	63	99	45	93	49	37	94	99	75	104	26	102	88	115	79	
56	40	95	19	54	17	104	25	83	77	28	25	79	45	5	61	65	43	15	70	33	22	65	62	27	66	65	64	21	62	39	39	63	60	71	66	41	23	64	10	102	26	14	14	66	
49	26	80	8	47	15	90	12	71	64	16	33	65	32	20	49	58	32	29	55	36	15	56	53	19	52	52	52	32	59	25	40	49	57	60	52	36	26	57	17	88	14	26	28	56	
64	53	108	32	65	26	117	38	94	88	41	26	92	58	8	73	73	54	3	83	37	34	74	74	37	80	78	76	19	67	53	41	77	63	81	80	51	26	71	18	115	14	28	26	78	
91	52	70	49	16	70	87	57	89	84	40	61	39	29	70	12	98	69	77	52	50	44	90	4	70	41	62	76	67	106	47	94	39	106	85	50	29	82	98	60	79	66	56	78	26	
1591		1748		224		1715		5040		4784		1840		2301		2850		25		704		4240		918		2844		207		987		2300		1288		4680		767		6853		3672		1656		2950		4171		1428		54		570		4617		4140		468		1071		1260		5103		1890		341		4725		3965		48		6600		1862		4032		1450		3850		3009		
1886		264		4284		1242		799		288		6912		288		935		2112		1564		2058		2250		1173		851		2460		1813		551		2350		1520		2254		1675		4092		4018		342		2736		2108		333		1029		4290		288		616		495		4895		2340		2170		1189		910		2009		1715		2310		1824		1062		3195		468		
1422		1476		3504		1953		801		1908		8811		3526		8148		4368		1012		3520		1935		1748		1456		952		7396		3136		3422		3417		1088		962		6320		1245		1674		3280		3078		2176		2940		3864		2485		2496		950		5428		2106		4128		1027		3510		430		294		6150		1392		1443		5251		1242		
4300		1175		3551		1496		15		3894		6468		780		3825		2765		2556		5782		1332		1680		6072		480		2697		4608		5032		4416		1104		640		4845		52		1170		1036		986		6532		1280		7373		1386		7921		245		7474		3726		2898		1863		4524		8928		4256		5624		62		4056		5846		40		
1764		64		4240		1290		2214		3104		2806		432		1672		1295		540		1708		270		1593		2592		2816		840		481		741		2407		1860		2448		2835		5346		1380		961		1564		1850		793		3621		603		1288		448		4888		3128		1976		3850		2009		3526		4370		360		3827		2784		715		2632		
2280		300		3395		3124		3600		4785		3773		2730		3055		2520		962		5183		1660		644		4623		1140		6138		3686		5005		1056		2856		2961		4680		1932		4656		345		960		1656		6825		6808		1265		4968		332		2052		585		448		1836		5742		4977		2852		3698		5332		2928		6308		1050		
120		2726		1200		3960		6004		3192		1564		4725		145		1456		6231		1957		1728		2310		6138		3900		826		450		9486		588		2772		308		1421		3096		4422		2759		616		3069		104		4560		2254		1344		2754		3081		2484		2136		6889		2268		4154		7470		1335		1131		3431		7100		4118		
1364		210		1764		400		4950		490		2484		602		4615		832		1625		3312		5609		3880		1309		3363		2544		1980		1768		3180		3066		1725		424		3233		180		3074		432		2964		578		4004		150		1824		990		450		4524		840		1408		1638		3692		120		1092		403		882		2208		6370		
120		1848		4212		5808		1911		4788		4704		4743		825		36		5200		1520		2772		4914		7084		2262		740		1395		1020		2332		8342		1022		495		1958		874		3286		810		434		7990		2331		2773		2915		2173		369		270		1892		2816		4248		368		1422		530		5037		4588		7304		180		
2870		2142		3515		2739		1368		744		3131		1988		4275		897		672		3555		8256		2688		903		6808		150		3096		1742		4104		4914		2680		3604		4602		780		6624		1792		5529		320		1333		1408		612		6762		1200		4216		2070		4860		249		4560		744		7777		21		1690		1265		5740		
5440		1914		2072		1064		375		2448		5220		1275		6764		3933		623		875		714		1054		108		638		1512		387		616		588		1450		520		2814		2945		3182		1428		51		5046		3762		4636		48		4575		570		3192		6432		2806		1411		4320		6480		1053		492		2720		110		352		35		
4389		2385		178		115		456		2021		5253		1850		4416		2150		609		1804		455		256		2730		836		688		3762		3760		4290		91		994		164		2800		3744		5358		5100		2812		476		1056		1558		612		432		7310		5727		4774		580		324		4845		207		882		256		1363		3444		351		
4371		2700		128		4015		1875		4788		1312		5490		7221		1148		2898		910		2046		2592		6545		728		2574		5680		4536		1225		4425		3162		2821		117		4161		3116		1200		7220		1425		3132		1950		6370		703		327		6205		4512		3724		7216		5200		469		5913		3577		3162		8500		108		
675		930		4824		4002		1106		224		3672		2201		936		1666		3283		3139		4416		2067		1590		3408		1326		490		1403		3332		2849		4482		864		3200		2139		2860		540		1824		2414		792		1715		2088		1219		702		700		1645		1314		1360		119		4674		7100		3185		2583		3364		82		
4290		1134		135		5214		6545		415		616		6020		544		924		592		880		2925		4880		7200		4875		5460		513		327		2673		8586		3528		5022		3388		5475		1554		150		273		2109		891		2296		1547		520		4080		3239		1178		5518		910		4355		7275		408		5415		810		2268		5472		
6536		3696		651		6006		2964		6192		575		5040		4559		1518		5467		6099		675		4480		8585		660		5390		3465		6600		26		4242		810		2970		5762		4836		540		1365		931		9592		8464		5376		6272		2584		288		2160		1392		3116		7200		4898		2688		195		5985		6804		3706		5200		
468		3060		860		6510		4914		246		2774		4488		2255		1196		2852		1552		702		1518		6862		840		3440		5456		2369		2024		7290		3816		3780		424		1998		1650		2304		624		3600		8645		4000		7566		1700		5917		5487		2475		710		3680		7626		7744		986		4664		962		3978		2958		
3600		2068		918		2418		5040		1659		4773		1088		5251		902		280		225		4558		2184		108		871		1104		816		72		4697		2380		140		3500		4420		32		4292		6984		6860		1026		3456		1974		1170		280		1037		2508		4964		3818		1032		4757		52		1526		560		638		96		4896		
4466		3854		714		3168		1898		6603		1920		342		1170		551		4980		2976		2370		2160		3132		4752		696		920		4320		210		6716		5740		2832		3762		5307		1650		68		496		6468		2442		3010		5840		2214		1771		3024		1530		532		6952		2135		6300		1760		7708		3149		4085		5330		
2002		1862		6970		3696		6320		1911		264		1170		1180		4028		4272		5952		5166		4060		3705		7469		1426		1025		1800		1600		3519		550		3465		3486		306		6097		1908		1677		2146		1075		2772		640		6175		161		4455		732		5040		1440		522		3818		1513		1628		2754		1344		5504		
632		172		1710		208		180		4761		4032		2484		3105		2368		1075		962		1316		1690		6004		16		2604		3712		1870		1770		1386		3417		5700		1482		6110		280		430		2360		3713		3895		1794		1260		741		8633		2176		1080		720		5994		2064		272		3685		3266		3364		5040		960		
594		1593		696		2552		1725		864		1095		264		6732		2418		1580		2652		2706		72		4876		476		5110		2772		122		70		3465		2436		6534		598		4005		1378		123		2491		1344		1458		396		3220		1056		5427		6138		1056		1890		3540		5180		315		5226		4368		1224		5673		725		
2124		24		4800		1088		2856		540		4480		1127		1680		99		2666		1560		1344		728		4452		352		630		555		3100		1100		768		1960		2958		3575		2646		1792		72		704		3770		5200		828		4704		25		702		2449		2068		1696		4370		2193		4998		4620		1536		2822		2340		56		
901		2294		3024		4698		5751		4365		4104		507		504		209		4806		1328		5642		54		3250		6650		1314		304		6497		3160		3145		732		369		4240		34		2832		1690		80		6560		2805		222		2021		1363		2700		1034		936		1386		3840		700		1675		3306		1708		4250		3408		7298		
3139		3237		3444		361		920		1599		3298		396		2697		4480		1408		1809		2478		208		280		2856		4779		3536		2501		2419		1026		594		5698		1696		1012		2444		3906		1104		2976		7224		3220		5742		3696		498		780		2184		150		4732		5184		1416		92		1953		1274		756		2916		
6216		4550		2160		1200		1530		1456		6930		3285		8536		5760		675		1653		2268		2046		1408		1330		2883		3968		2208		6298		1530		1144		6600		464		3472		2320		213		7110		3312		9312		855		6083		2862		2914		5280		1664		365		4914		5704		2112		1485		2050		2926		3800		1221		
2001		4785		5922		4575		6237		480		2444		1617		2170		3828		603		8000		679		3344		4592		3610		2484		2613		4270		7238		3520		2967		2412		3502		1368		2050		512		2900		4650		803		5782		255		720		60		147		4800		5670		2752		48		5005		7857		5170		3888		4582		5775		
201		1365		1974		1180		2030		1540		2964		4536		3196		3483		3536		2640		273		1591		3154		494		3381		4950		644		781		984		4402		4720		150		4774		836		2425		1470		8820		7636		1178		588		1275		946		98		416		896		6960		3479		5544		2294		6083		315		6279		4312		
594		300		738		473		2535		1276		5187		2478		3705		780		1505		5670		1232		738		5494		880		1562		1530		2204		1620		1701		3476		5766		864		4876		513		2294		3036		6497		5084		2484		5390		399		332		3190		450		220		3850		5688		5490		1400		3224		3552		4104		1920		
3195		56		2050		2324		230		222		3294		1974		441		1680		667		3245		3108		1116		1900		1972		780		1449		5487		50		952		1881		3916		1496		2280		2093		96		64		5580		549		395		5390		640		4650		2337		189		860		624		312		3266		1856		540		1260		2146		1150		
1248		5655		6525		3596		390		4536		7626		3780		3267		9500		1890		5328		836		1008		8134		192		9900		7626		8900		5063		5700		2736		7828		663		166		650		6132		528		2262		7973		2280		216		2058		1200		6790		1200		1680		1728		3552		1679		2125		4029		4130		6660		644		
1716		238		2484		1440		3626		2318		248		3038		360		1600		4648		6006		1600		1363		4898		3876		1215		2940		8800		180		4806		3432		952		4071		2499		348		783		595		1472		5880		1295		4896		2970		448		1166		152		5250		6417		1551		4004		1302		2368		2160		3526		276		
8000		396		756		4950		600		2448		118		168		1474		6111		2392		1482		150		2581		6320		1060		7560		1062		6248		2726		3220		3080		300		630		3618		1235		2646		3074		5312		7392		2706		2366		741		8330		402		840		1617		8316		8170		4896		4386		5698		2257		7040		1288		
162		330		6059		35		37		575		2100		56		2691		4410		80		2772		3575		672		1421		1558		5642		495		2052		1056		1258		260		5104		1344		78		3569		1927		1785		2812		1495		912		1000		741		2752		118		3740		812		1850		3348		1012		3321		2184		990		3230		4185		
7560		45		4216		4230		304		396		6873		1020		324		6992		396		2867		1568		2139		1632		156		7650		6076		675		2728		4437		533		2075		702		4096		3102		702		6392		1943		7128		3920		5340		3100		100		2464		1554		1020		1950		6734		1102		792		1008		5200		5775		120		
600		540		1290		3185		3404		495		4290		2494		4230		1025		2262		845		1392		342		2552		930		4235		725		201		522		3416		2730		2773		966		532		1440		1860		1782		3350		5016		104		3782		744		1564		840		602		1334		3024		684		742		4692		104		1064		330		1496		
5110		3591		28		4400		8019		4176		1020		3600		3485		2583		962		2530		990		1140		10098		2013		6789		4526		9072		1566		1260		1008		1612		6336		1309		2108		2414		598		3696		5251		570		7566		3344		5952		3050		2015		3480		7872		2052		4508		552		4753		4674		4400		2201		
6636		1886		1580		646		485		1083		5510		1575		5580		504		2565		1428		4750		2125		5088		1932		2730		4092		118		3192		2263		1404		4214		210		4814		940		2520		6660		48		3201		3526		5670		3256		4800		5478		5346		540		6800		1932		1974		8800		392		2184		2880		1881		
855		969		990		5723		679		429		360		4465		986		3186		4745		320		9300		1184		168		3588		2116		2628		4758		6278		5742		3944		736		100		918		2496		4680		1610		1800		585		3472		782		152		390		1845		2201		704		3136		200		4544		3999		5280		1352		1160		5253		
6392		2080		374		3660		3828		426		1833		4730		3840		4140		52		1936		984		1406		2656		407		5670		714		2024		456		5822		4278		4380		3871		2331		696		754		3096		4823		1530		2847		4988		1380		4176		4850		1288		2079		2997		7227		2730		1674		2730		5824		5642		1824		
9500		6138		2211		4898		2262		1577		1360		6188		7254		5192		3286		7275		2016		1638		3276		1680		1908		312		9100		2592		3520		2451		7663		990		729		4042		3894		410		7452		3565		2166		3604		1247		3828		4186		2597		2709		8550		10272		3996		5396		2160		4278		6279		42		
1632		5292		84		237		1660		6216		234		6510		1295		1960		2044		3488		1764		3840		9300		2079		3350		290		1635		2418		10080		7387		1539		2550		814		2835		90		369		1332		5880		392		5060		1026		4872		660		2550		261		4508		5600		1940		42		475		5840		756		6438		
4455		2813		650		4420		1044		4800		3666		2835		2014		2856		1748		6560		1311		2409		2072		2960		5046		988		2352		82		2652		1400		2784		4056		1275		1056		208		510		5964		2592		1950		2847		520		6364		3800		141		1220		1400		5040		1260		442		6210		2805		2378		4888		
87		3444		3848		5280		6497		152		5550		861		2730		228		885		5680		3713		4288		4466		6478		940		672		5980		649		2295		252		1568		182		1800		715		1485		2430		1309		756		322		351		5985		224		116		456		2132		1591		360		2752		1771		4200		1127		5796		7068		
4160		1767		1748		2400		3600		490		2448		3400		1215		3720		1122		897		1482		1134		3100		864		4332		2848		144		429		2015		473		4032		1408		2184		1001		540		960		2414		340		738		5940		117		4200		1927		320		3185		780		5046		3944		4136		2394		344		2520		3960		
2240		54		640		130		2560		448		946		495		4030		3080		64		4416		2059		792		1269		4836		966		105		1584		4959		2214		1258		630		1156		160		5472		2928		1247		1800		3520		406		276		1566		468		3024		3180		1944		476		1360		2336		1376		984		1494		561		6248		
2673		1568		3572		2210		1242		3864		4536		3321		6790		180		1690		893		1725		2146		2450		1075		6853		61		836		2380		63		1026		2408		3002		4998		1054		5328		7505		400		2275		3870		70		3009		623		7047		402		1274		825		1958		506		4841		2475		2752		3400		2856		
341		1820		5733		2484		7410		2414		2925		2914		3096		2460		2976		4366		6006		1020		3080		6762		1242		228		5607		3864		6237		702		1245		4524		2040		459		1353		1180		5832		216		528		429		1350		780		1628		3956		3096		3663		1800		4698		804		4488		1681		360		1760		
2576		795		4752		3648		13		2940		6141		4731		364		688		1840		5428		3731		1740		897		1162		8036		414		7144		4374		3408		2752		819		234		4278		3311		5248		5082		6045		3710		4704		8272		1312		5724		7395		1456		135		1968		4257		2378		7134		5720		112		5472		282		
6474		1722		4134		2772		1045		50		1488		1638		2322		4720		1512		3230		612		1100		3713		2208		4042		448		4293		550		1036		2037		162		400		3016		4554		780		6510		1591		4368		72		4875		2408		4680		5609		3640		455		5580		1118		684		3393		731		560		3726		816		
2880		855		3969		1134		3744		1058		3744		343		5005		240		90		2156		3213		1920		2701		3397		1776		1422		2392		819		392		1075		2537		500		833		2664		3298		792		1225		4346		819		2940		2210		2968		3784		630		3696		1292		768		595		1260		2816		1206		1035		1219		
612		2856		6045		1104		1677		1519		5985		210		8188		2870		1680		915		72		3268		418		3822		5467		3850		2300		4556		799		468		4350		4851		608		3968		3886		5250		782		5548		1872		2915		5900		3774		3978		3648		1850		2760		2432		552		202		1428		1349		2392		2288		
2418		2730		2350		1190		5476		221		1600		754		4380		5561		1634		3072		7654		1425		1680		2700		329		455		667		3456		3762		3486		3750		7200		1482		3168		6111		5432		3784		800		4356		1425		6831		222		3000		1224		868		20		2025		408		7800		1632		918		2054		4067		
3599		147		4389		1008		2340		2982		3976		416		4788		171		160		2295		1260		225		2548		2100		2574		2331		4275		2508		4455		200		2360		480		507		2392		1776		2162		1188		74		240		5568		2046		4958		2632		1800		2204		3240		3082		1066		6600		4214		2970		5358		1120		
4968		520		2816		885		1920		3366		1717		1740		2436		2592		289		1596		3960		2560		1534		2646		234		2150		512		1280		1520		152		5475		1722		3680		2451		6144		5313		1909		6794		792		1593		3286		5621		1540		3600		846		264		77		1185		582		1012		861		495		855		
2562		1683		1696		1798		3584		2376		9200		3312		3220		6880		2040		567		6006		3705		28		3600		1846		2548		120		4617		1862		2805		2664		4526		1295		3432		3648		6734		1932		5248		4998		3471		7125		4819		7584		3744		2091		1320		414		578		4181		1068		2600		52		6160		
1079		3658		990		396		1833		2508		5856		2867		3074		4059		988		54		7221		1590		286		3224		1288		737		1296		5355		208		2212		4550		3422		3869		4446		7644		5307		472		6319		4144		4095		5250		6708		2755		3078		3168		1100		7920		846		2832		2646		3080		594		2232		
729		442		3724		861		2680		988		3996		476		1248		400		1120		4392		2750		2925		5643		2035		1643		11		2772		1230		5183		1666		414		2470		1053		3276		882		637		6319		989		440		1485		1904		2835		1785		616		1890		1035		1452		627		4266		2184		1404		2048		2010		
6075		4257		2325		5664		1850		3212		3504		2394		2842		4950		3111		5695		1		238		4897		1770		4424		1792		5888		420		1872		5820		5658		123		132		812		1470		2600		4361		1840		1148		7380		272		5264		2124		1428		5800		2856		5600		1001		1680		4836		1280		3367		897		
1749		294		114		784		4950		196		4992		1410		2250		3800		540		3599		147		899		4500		3854		1040		836		1188		1947		5015		2135		875		3752		133		2800		26		2268		116		1968		253		1176		2880		245		385		3000		4300		2923		1189		264		3780		3760		2184		4888		58		
5040		1978		6545		3000		760		5141		8742		2772		5220		324		432		840		3332		198		4100		1617		7480		4060		952		2805		2490		768		1558		17		702		4140		4087		497		2300		5952		380		1170		2268		4278		4880		1352		756		3315		7216		2340		4816		1196		2090		1881		504		
4020		1849		1649		1920		3952		1050		4558		1176		2088		5520		1064		315		1600		1518		260		1860		3588		3220		377		648		240		1260		966		61		2325		816		5644		1156		901		5082		697		3956		1920		5824		7104		5576		1755		486		1428		408		8736		68		784		390		5980		
3596		999		7553		280		1410		640		2828		1403		6888		5320		924		2156		4526		3315		55		810		3886		1032		1843		3300		532		960		660		5096		2380		1922		2079		4928		168		858		432		3828		1972		3200		2556		6014		2992		754		6402		582		6237		210		110		304		3599		
3819		1221		7820		304		3010		1008		2208		1235		7505		4824		1136		2400		2881		429		357		1728		2640		1720		1725		3000		2184		160		4288		1100		1674		5376		1160		3180		2175		3828		1920		414		3068		1152		1742		2679		1800		2170		3250		88		8556		132		456		50		2430		
1566		2184		860		2553		2310		4600		249		1870		1150		4465		1022		1012		1598		1027		2484		291		840		120		2625		219		7056		2310		962		9858		1188		4000		2183		2451		5720		215		1830		1600		3978		230		1748		1065		5917		1845		572		2888		3168		4087		1575		1584		1417		
2793		410		4680		2600		1344		851		4224		1449		4823		2990		840		3416		851		616		2736		837		385		2236		1740		1593		159		2520		1296		3116		1705		1944		2268		1692		1368		3648		500		2240		1500		2304		4500		1704		3042		2640		4368		3520		3300		2451		2204		1083		3612		
64		86		966		2379		8835		4559		3036		2116		1700		150		5607		8448		4928		3894		469		166		9		1755		6512		280		8096		4968		192		5394		1961		1575		1512		250		3145		1425		3888		1258		4030		483		504		1944		6873		1886		480		504		3640		832		2744		2736		2565		
324		130		272		1596		1749		1292		2432		128		3696		2548		594		4464		3819		1170		693		3479		4500		336		2193		880		1100		2268		1886		840		297		1247		2072		2109		3552		48		1410		1512		3880		2016		1452		2200		3240		1064		220		429		148		168		928		1968		4484		
156		1968		1470		3216		1085		1386		264		4794		2769		3366		3276		3710		133		1430		2160		682		7224		3762		80		1184		1647		1034		1950		660		3162		105		308		240		6290		282		1850		7047		380		8075		3468		1054		1520		1170		3400		6400		3009		2010		1890		3920		1720		
1896		3363		5508		2883		912		40		5880		946		4120		3264		1584		279		4558		520		1848		5208		6072		4095		504		7885		1264		1456		5220		4543		3822		4543		2296		588		140		2720		1566		4148		3212		4674		5733		1027		2686		3450		4176		690		7540		2116		3072		391		4347		
3002		572		1848		520		368		912		9405		2184		3330		5964		1176		2700		3596		891		2226		1147		2436		2552		4183		5673		1460		1638		5002		1701		5100		1196		1365		5840		3240		4050		585		2409		4900		7209		4018		5162		291		3717		1740		1710		9207		1862		1815		3024		1023		
2490		264		2310		2436		7440		4590		3649		4230		135		16		1596		3382		848		4888		2117		4554		1914		728		1312		1488		3471		1170		114		4389		3096		3240		153		376		1672		874		2405		3864		82		147		568		1364		1872		5074		288		6586		2464		1104		4872		1680		2808		
7979		3348		4266		1980		990		5382		8544		5460		7722		3008		1680		5040		144		3354		2100		1909		2247		5616		3888		2728		3825		2800		2800		936		7488		51		4464		4042		1190		5980		3990		6732		1666		7705		2112		5520		2688		8370		1188		325		3256		7200		5859		5412		90		
1134		88		3395		2709		2548		780		686		555		3420		3081		216		6624		1035		828		2535		960		2204		68		975		440		1020		3680		1813		1056		1575		711		1445		363		4662		6930		1764		5644		672		864		1344		679		4896		3276		5880		3782		3696		5040		2806		4736		585		
880		432		5340		2444		4290		100		7680		1176		852		2340		2380		3906		1659		2450		323		402		3381		2046		1170		726		250		3036		3366		5964		1386		1300		2668		3021		2622		1440		1073		2200		2480		2856		2784		3968		918		560		2448		378		5985		1360		836		936		1050		
3570		462		2632		1664		4335		1178		1083		2047		3256		2146		1848		1386		722		2254		1404		1053		1692		300		310		1380		4392		1924		1200		3528		1740		1173		1634		594		832		5700		891		1113		546		2655		2232		1040		1776		2784		4704		800		4455		4183		3102		420		4437		
5850		1209		1876		2958		1014		4455		3652		924		7120		3922		2400		200		3471		1104		4480		1056		1530		3685		4410		2898		1320		1595		6240		48		1782		1295		4240		1495		2970		7084		1054		790		3135		1288		4218		1720		912		1541		2210		4232		2280		2907		861		5056		915		
550		1092		9405		2128		3102		1938		4608		3060		4485		2460		2790		4514		2185		730		2100		3367		1054		950		5346		7220		7052		3392		78		6370		2624		1200		4992		2244		6003		255		1512		940		2418		390		4947		3774		2772		1275		2688		5192		7154		931		2548		867		6868		
564		2976		3245		2912		4018		246		5133		2627		1653		936		795		4050		4095		5060		4712		3124		30		17		6930		2948		7387		4620		696		5589		682		4845		2490		510		395		532		222		1026		400		384		1365		129		5236		2904		1184		2990		4960		58		2880		469		4482		
712		3135		2360		1273		3200		6048		5336		3196		4032		207		4234		3150		936		3075		4368		1470		2139		1173		200		3255		1296		3234		1826		304		4758		297		1813		2772		4888		9975		780		5406		2552		5778		1480		3255		1620		1140		4418		3192		4802		4472		1241		3000		875		
377		1836		2204		5916		8484		3570		1008		3339		2808		252		4828		4464		1376		1924		5538		6348		444		700		6552		3648		6958		4408		1120		5050		3612		3600		1600		957		6930		1064		2520		777		5680		1406		392		2142		846		3038		310		2618		7392		690		496		2925		3811		
888		2485		3190		1512		616		224		1776		4059		6912		4623		1026		1710		150		648		2820		570		7200		3519		5508		370		4263		2210		4032		848		2160		650		2295		5074		1708		8366		2670		790		2064		8010		1700		1564		1036		4216		1539		2244		3819		110		817		5780		576		
406		1440		5360		2314		2100		1332		3034		693		2958		1848		1914		1728		3000		1872		1443		2695		1591		270		1656		1936		2451		2856		850		1674		800		450		1008		1792		3180		3567		1881		1440		1505		2911		1976		1025		4680		1976		1036		1599		5840		1440		1364		968		1235		
2262		2000		1800		2115		1643		5720		3551		1900		6370		2600		1064		5037		627		1596		4331		220		6142		3472		3476		1440		6000		2668		4200		357		4636		1890		132		3422		4818		5546		1116		3956		1480		4845		5848		992		2613		7161		168		2457		2714		6204		2968		1422		640		
1680		2478		5733		1472		3230		3080		7210		2170		5340		2788		627		102		544		1632		2275		1935		7821		2805		2070		1518		180		837		3648		903		200		5782		1188		2911		630		800		2204		1475		2352		4212		4661		2542		520		4356		6864		1196		3564		374		1050		2325		3619		
9310		3135		2806		4500		1736		1760		3318		845		2958		3772		3927		3876		930		3528		5893		1260		9494		1776		6840		1008		4095		728		8372		19		3510		3534		2623		6699		5346		7881		3286		6180		1258		3808		2635		3456		924		7452		1530		7227		5880		936		5360		8918		735		
470		924		3942		5100		8742		1980		4331		3240		858		630		1512		6800		4800		804		3456		4872		240		567		923		4956		450		5712		884		3290		945		5478		1845		1508		820		686		3773		3072		1105		468		52		5073		8084		2016		57		3864		4950		1037		1296		680		1056		
146		2268		1804		2484		175		4158		2257		3196		640		3894		37		1470		368		820		280		1290		1014		2080		869		104		2232		1426		3036		2646		4234		75		722		2809		1776		7120		1312		581		1134		5220		5332		2225		3360		3450		2844		1764		1728		3055		780		6715		2236		
5695		1836		116		2625		2808		7857		1008		1139		1110		2772		6693		2100		2728		385		2688		3074		6298		2520		10070		2200		2100		79		3192		4200		6745		120		1148		1880		6955		3486		2964		7189		165		1392		3520		2050		7221		5310		6650		1581		528		91		5236		2600		5865		
1728		2451		1116		3440		5214		900		3589		2387		3381		1827		1920		1512		2610		4800		1056		4819		2840		2607		185		5609		5184		3840		4275		1344		300		730		4453		1404		3264		2848		2668		184		5670		2320		2695		2924		748		360		342		2788		6174		1209		1254		2686		4312		
4361		867		1134		3040		72		3720		2522		1071		1786		5368		858		3312		2193		1189		5742		1474		9312		3350		5056		120		2924		2739		6279		819		64		4263		5829		237		4420		1632		2944		8091		1974		510		8536		1767		658		4736		1358		3713		7650		1265		2726		5135		1120		
924		475		5850		1476		1776		957		3468		1222		840		952		1677		1035		2340		1632		392		5676		968		424		5586		2254		7128		1813		760		2100		1404		4386		3196		1334		3498		1653		2250		319		2107		960		2457		3212		3484		832		572		2915		1656		2340		2520		1100		7084		
915		2900		5767		3800		3192		2280		3344		1846		672		1554		4224		4940		792		1976		4180		3080		1176		360		4056		432		1890		784		525		6240		300		3591		3990		1550		2480		2574		2142		1386		275		250		3196		1683		3604		2175		1495		2891		7098		2419		1530		49		2997		
3942		105		828		378		624		3038		4956		2376		6318		2736		532		1935		1932		741		800		1296		4000		1479		4218		2668		360		1886		962		1656		2205		1548		2805		806		3675		1218		812		4745		1815		688		4402		903		288		3965		2187		3760		2886		630		140		1311		2100		
348		684		442		2294		1564		1836		348		3132		1394		1581		4984		4048		1326		4257		4897		4312		1534		1980		7161		36		8184		5478		4508		5978		3363		589		1424		1147		4230		1480		3276		6557		1936		1694		3589		1079		4260		1463		488		3040		1632		936		4032		7371		3480		
4845		2408		2500		6642		1034		567		1246		4690		1273		23		6084		8701		3328		4964		1700		5625		2160		2970		2507		420		111		870		1496		783		3266		690		2170		3201		5085		1917		5782		8415		2009		7275		608		114		960		6525		3363		5148		273		4370		5346		4494		7134		
8217		2160		6720		4876		1410		5325		4171		4851		6138		5452		2610		1200		912		2331		3577		1628		6148		2464		5850		3472		3600		2914		3564		340		5168		3162		6912		850		4958		3842		2915		9800		1568		10622		1615		3060		2436		7917		3852		5146		1780		5313		976		5846		200		
9108		324		3660		4144		1596		7448		780		2501		2805		6320		188		3096		2291		384		7584		350		8624		3920		7998		3404		4636		3900		2492		848		1628		2695		4524		3774		7084		6206		4410		9009		3150		8100		6474		1125		2720		528		7128		3312		3990		4662		4788		4558		780		
330		198		4366		1943		4640		2366		5280		405		315		1178		1914		5369		1166		1152		1760		2750		2886		336		954		828		5760		1476		3104		5428		864		874		1400		1638		3828		3510		1288		3159		2310		990		2618		1254		2226		630		380		3652		2535		468		2470		816		5307		
592		720		2574		4056		4224		68		4524		3648		1175		1260		2128		6384		3321		504		2322		486		320		1392		1020		5795		5412		1320		1890		2430		1485		1254		1392		68		7128		1400		3015		903		1600		1218		2924		2006		2480		2542		442		3660		1458		4743		1242		2900		5612		
1610		2160		9118		4270		2842		3042		6862		288		1674		2030		3498		3397		1248		6460		3685		4982		270		1014		2820		7469		8004		1564		1872		8976		2484		3280		2688		2500		1258		84		885		192		720		546		2989		4875		8099		1302		1320		3008		7566		4590		3233		1596		6300		
3657		1908		1501		5124		2240		2665		336		104		2001		234		3025		3094		720		3168		656		1581		2862		1517		4368		99		4840		4355		2112		3465		1848		176		528		405		3534		210		2280		6675		840		6570		1696		1148		6480		5698		3591		7110		2392		4712		868		3738		3591		
1404		4653		40		4672		8415		5920		1292		4526		1800		1800		3864		7488		792		4956		4232		1386		2496		1739		918		988		4998		7254		1512		3978		3456		2664		2024		588		1785		1587		3100		2160		2496		2482		870		986		8004		567		3795		4641		1020		8526		6956		5900		3354		
1000		1224		7392		388		3397		1062		7744		77		5670		3200		756		204		61		560		989		1530		413		416		1664		1456		2660		1092		840		833		1575		3724		300		4386		3300		1342		154		1591		3420		1980		5251		2940		1551		2520		2784		1349		6715		1440		288		62		2132		
5676		3686		870		720		2516		217		792		1539		255		7020		992		1218		5544		434		2304		817		4275		1927		1590		1860		1254		288		1944		1849		222		2856		6200		6402		1288		76		3230		5096		520		6808		6586		5546		567		2788		6290		455		475		1680		1105		744		4042		
